0.735431	11
0.738856	151
0.495505	186
0.523199	186
0.778433	25
0.792626	151
0.725845	151
0.74427	151
0.457625	186
0.475367	186
0.569157	186
0.519247	186
0.735104	10
0.636908	186
0.559983	186
0.575372	186
0.354104	186
0.784299	23
0.918475	-1
0.835307	76
0.739801	113
0.727214	33
0.727214	33
0.732561	113
0.683494	186
0.892242	109
0.819654	62
0.762056	112
0.739294	76
0.223759	186
0.755809	106
0.589247	186
0.590789	186
0.57833	186
0.661887	186
0.587246	186
0.583316	186
0.625857	186
0.683682	186
0.672501	186
0.630935	186
0.516636	186
0.520365	186
0.656542	186
0.557253	186
0.331452	186
0.738856	151
0.495505	186
0.523199	186
0.792626	151
0.725845	151
0.74427	151
0.457625	186
0.475367	186
0.569157	186
0.519247	186
0.735104	10
0.636908	186
0.559983	186
0.573308	186
0.354104	186
0.784299	23
0.918475	-1
0.835307	76
0.739801	113
0.727214	33
0.727214	33
0.732561	113
0.683494	186
0.892242	109
0.819654	62
0.762056	112
0.739294	76
0.223759	186
0.755809	106
0.589247	186
0.590789	186
0.57833	186
0.661887	186
0.587246	186
0.583316	186
0.625857	186
0.683682	186
0.672501	186
0.630935	186
0.516636	186
0.520365	186
0.656542	186
0.557253	186
0.331452	186
0.479967	186
0.595899	186
0.687014	186
0.603439	186
0.544302	186
0.592786	186
0.726642	186
0.823237	27
0.665025	186
0.725824	186
0.590943	186
0.683096	186
0.506835	186
0.585558	186
0.485206	186
0.633435	186
0.526188	186
0.60169	186
0.618029	186
0.688902	186
0.60959	186
0.617585	186
0.610492	186
0.661627	-1
0.723101	39
0.735809	76
0.70406	38
0.655436	186
0.517776	-1
0.509956	-1
0.903078	18
0.908559	33
0.815294	186
0.608526	186
0.598768	186
0.781602	113
0.812436	186
0.82309	116
0.607926	186
0.553938	186
0.709858	186
0.674994	186
0.700162	186
0.821205	186
0.885309	186
0.891696	33
0.663445	186
0.897579	18
0.747957	186
0.795684	18
0.569927	186
0.654404	186
0.533699	186
0.576069	186
0.755916	19
0.721806	144
0.699892	186
0.71963	186
0.558289	186
0.713545	186
0.670163	186
0.650389	186
0.497349	186
0.610699	186
0.608429	186
0.817718	186
0.779125	102
0.858916	186
0.747097	105
0.815193	102
0.564683	186
0.800738	154
0.465773	186
0.619194	186
0.497857	186
0.607464	186
0.679673	186
0.642684	186
0.636002	186
0.561341	186
0.520656	186
0.535903	186
0.524585	186
0.766139	23
0.424243	186
0.551623	186
0.743197	38
0.630768	186
0.684025	186
0.427957	186
0.71027	186
0.761228	76
0.747104	186
0.727537	186
0.675129	186
0.749074	165
0.327329	186
0.30145	186
0.52782	186
0.443624	186
0.564117	186
0.573964	186
0.750483	122
0.739236	39
0.726698	186
0.555903	186
0.691136	186
0.644359	186
0.787644	186
0.652855	186
0.653392	186
0.582841	186
0.595422	186
0.626985	186
0.645069	186
0.536338	186
0.61899	186
0.60772	186
0.550079	186
0.644306	186
0.824184	186
0.708418	186
0.687722	186
0.575362	186
0.765762	186
0.63776	186
0.532243	186
0.540862	186
0.706865	186
0.515311	186
0.798317	38
0.559938	186
0.61207	186
0.61682	186
0.614879	186
0.700645	186
0.391871	186
0.832275	76
0.446457	186
0.536505	186
0.619077	186
0.56442	186
0.73375	186
0.498335	186
0.550071	186
0.713426	27
0.631825	186
0.543034	186
0.495288	186
0.52159	186
0.6385	186
0.725734	186
0.832101	186
0.73619	186
0.332393	186
0.320473	186
0.532768	186
0.582554	186
0.855421	56
0.727439	12
0.694721	186
0.619771	186
0.531579	186
0.565144	186
0.491709	186
0.612498	186
0.608913	186
0.731632	116
0.71227	186
0.428172	186
0.711444	186
0.557715	186
0.622937	186
0.486925	186
0.486056	186
0.739215	186
0.723283	186
0.532181	186
0.838012	186
0.748438	56
0.602106	186
0.484609	186
0.420316	186
0.490246	186
0.507442	186
0.585192	186
0.753547	80
0.797964	38
0.732452	106
0.44602	186
0.685113	186
0.720271	186
0.624867	186
0.569326	186
0.563712	186
0.711183	186
0.688326	186
0.504768	186
0.492729	186
0.563709	186
0.640639	186
0.556712	186
0.559563	186
0.717356	8
0.792418	10
0.547137	186
0.613374	186
0.763597	112
0.808695	23
0.715478	186
0.582955	186
0.803066	8
0.566419	186
0.607803	-1
0.714733	186
0.505077	186
0.564479	186
0.823901	11
0.810619	71
0.862547	155
0.665516	186
0.642307	186
0.642785	186
0.465421	186
0.762202	48
0.519724	186
0.394325	186
0.422294	186
0.46385	186
0.477624	186
0.485458	186
0.4044	186
0.564242	186
0.612516	186
0.41897	186
0.83357	38
0.749809	186
0.452461	186
0.579188	186
0.702164	186
0.687927	186
0.653384	186
0.668678	186
0.783208	186
0.592628	186
0.672129	186
0.701286	186
0.539622	186
0.685332	186
0.616697	186
0.696764	186
0.770821	186
0.683601	186
0.666339	186
0.670732	186
0.656861	186
0.521918	186
0.644961	186
0.526862	186
0.515679	186
0.502832	186
0.578281	186
0.517842	186
0.619901	186
0.542521	186
0.778961	53
0.601226	186
0.458428	186
0.527627	186
0.566192	186
0.613168	186
0.587131	186
0.575076	186
0.574868	186
0.756166	186
0.750957	186
0.584384	186
0.618437	186
0.786796	38
0.710645	186
0.730858	56
0.685434	186
0.296364	186
0.857711	186
0.49779	186
0.285639	186
0.3805	186
0.720614	186
0.733468	186
0.778046	186
0.763158	53
0.735519	186
0.728089	186
0.592523	186
0.614991	186
0.791171	11
0.721604	186
0.776502	186
0.800169	11
0.905422	23
0.823759	186
0.900121	19
0.789507	127
0.833547	27
0.797444	64
0.627568	186
0.51412	186
0.489004	186
0.437783	186
0.494104	186
0.690613	186
0.572854	186
0.55336	186
0.454823	186
0.729452	186
0.581437	186
0.686913	186
0.696376	186
0.536705	186
0.636396	186
0.551928	186
0.468562	186
0.50755	186
0.443505	186
0.34491	186
0.717171	186
0.61981	186
0.636322	186
0.600156	186
0.740982	186
0.633957	186
0.59938	186
0.548564	186
0.56297	186
0.602573	186
0.778778	108
0.742746	186
0.520614	186
0.48567	186
0.58272	186
0.568414	186
0.626076	186
0.670244	186
0.763501	186
0.640325	186
0.760263	8
0.358609	186
0.602447	186
0.452045	186
0.446163	186
0.399057	186
0.75345	23
0.802413	38
0.708176	186
0.69409	186
0.520448	186
0.825766	8
0.784836	56
0.655186	186
0.786061	54
0.70189	186
0.760915	23
0.763905	186
0.554399	186
0.760573	96
0.698205	186
0.81475	38
0.659913	186
0.77019	23
0.790519	55
0.7058	186
0.593425	186
0.773364	38
0.739178	186
0.807399	64
0.609736	186
0.740172	23
0.769378	23
0.557208	186
0.724872	186
0.771375	159
0.49015	186
0.419334	186
0.408255	186
0.417966	186
0.477595	186
0.749834	186
0.693803	186
0.54854	186
0.619191	186
0.845573	38
0.795617	113
0.411656	186
0.749706	186
0.713363	186
0.468466	186
0.568047	186
0.746269	56
0.579828	186
0.570319	186
0.757052	186
0.589956	186
0.61579	186
0.547763	186
0.569213	186
0.62265	186
0.600551	186
0.768459	186
0.696743	186
0.77864	27
0.744713	56
0.6267	186
0.700965	186
0.678407	186
0.581488	186
0.727467	38
0.739344	70
0.499175	186
0.456031	186
0.648963	186
0.461965	186
0.49456	186
0.641796	186
0.693986	186
0.668077	186
0.812371	186
0.83305	186
0.721524	186
0.708234	186
0.750639	186
0.630299	186
0.632676	186
0.563312	186
0.614761	186
0.87826	38
0.832706	38
0.766993	186
0.66965	186
0.629981	186
0.637954	186
0.669538	186
0.813711	76
0.603171	186
0.588152	186
0.718633	80
0.654884	186
0.605211	186
0.444972	186
0.608267	186
0.743289	174
0.842396	18
0.808051	64
0.459505	186
0.614803	186
0.712575	186
0.663682	186
0.47511	186
0.521604	186
0.70061	186
0.656808	186
0.627921	186
0.648428	186
0.721435	186
0.595035	186
0.743473	186
0.719376	186
0.697669	186
0.764629	8
0.703902	23
0.7076	186
0.631402	186
0.788355	18
0.658505	186
0.48259	186
0.798839	38
0.737256	186
0.464455	186
0.381223	186
0.378822	186
0.6698	186
0.54821	186
0.543986	186
0.624322	186
0.648134	186
0.48578	186
0.523773	186
0.316878	186
0.603778	186
0.570275	186
0.62043	186
0.422873	186
0.362539	186
0.574052	186
0.422873	186
0.362539	186
0.659826	186
0.629753	186
0.79988	186
0.752253	23
0.624147	186
0.652495	186
0.57254	186
0.538815	186
0.505338	186
0.804033	95
0.356988	186
0.487847	186
0.445119	186
0.674461	186
0.550913	186
0.596503	186
0.528558	186
0.656459	186
0.513273	186
0.400894	186
0.538488	186
0.76158	165
0.817602	159
0.505847	186
0.460824	186
0.453041	186
0.567796	186
0.630711	186
0.792098	19
0.77154	19
0.582994	186
0.78078	27
0.791312	115
0.660018	186
0.676343	186
0.831923	159
0.395425	186
0.48713	186
0.638017	186
0.215597	186
0.525289	186
0.399796	186
0.62562	186
0.402383	186
0.438002	186
0.443482	186
0.573121	186
0.75255	186
0.685751	186
0.428649	186
0.553097	186
0.508025	186
0.566226	186
0.354149	186
0.48778	186
0.627102	186
0.611131	186
0.510676	186
0.662241	186
0.584735	186
0.672641	186
0.680147	186
0.638849	186
0.425183	186
0.378021	186
0.349982	186
0.519772	186
0.690011	186
0.51765	186
0.742562	186
0.811503	186
0.661479	186
0.584765	186
0.772766	159
0.599669	186
0.627161	186
0.604851	186
0.781258	107
0.821451	186
0.737675	40
0.863813	87
0.720899	186
0.732824	186
0.347918	186
0.414269	186
0.6478	186
0.506511	186
0.251812	186
0.565417	186
0.564808	186
0.622777	186
0.38433	186
0.392582	186
0.718857	186
0.714447	186
0.712887	56
0.466812	186
0.429004	186
0.615753	186
0.421704	186
0.750664	18
0.565309	186
0.575808	186
0.512116	186
0.47715	186
0.556921	186
0.417946	186
0.542356	186
0.700559	186
0.602753	186
0.669219	186
0.730334	11
0.547519	186
0.501215	186
0.49994	186
0.528251	186
0.583078	186
0.565894	186
0.611866	186
0.500522	186
0.486511	186
0.436182	186
0.639065	186
0.389017	186
0.446304	186
0.436965	186
0.451485	186
0.580127	186
0.785977	38
0.433656	186
0.492811	186
0.621472	186
0.579899	186
0.678643	186
0.417358	186
0.366848	186
0.559921	186
0.579096	186
0.4623	186
0.775141	13
0.711569	186
0.596162	186
0.72727	23
0.792386	13
0.394427	186
0.696767	186
0.517333	186
0.704801	186
0.808415	116
0.741834	116
0.657057	186
0.650836	186
0.688626	186
0.606854	186
0.544748	186
0.546787	186
0.829167	26
0.505044	186
0.746461	186
0.820263	76
0.73292	186
0.67643	186
0.662399	186
0.809776	76
0.480677	186
0.588925	186
0.713485	186
0.815992	186
0.728865	186
0.74189	186
0.396634	186
0.419162	186
0.553152	186
0.590978	186
0.805111	18
0.86351	18
0.447966	186
0.478493	186
0.593605	186
0.552114	186
0.595236	186
0.588912	186
0.543343	186
0.565363	186
0.44692	186
0.442736	186
0.474409	186
0.583264	186
0.693194	186
0.7173	127
0.734395	186
0.710957	186
0.496674	186
0.764979	186
0.827619	186
0.582099	186
0.477423	186
0.556512	186
0.6478	186
0.388952	186
0.654394	186
0.964706	186
0.292374	186
0.785011	115
0.705708	186
0.791199	186
0.773303	23
0.7395	151
0.833961	62
0.69381	186
0.717737	127
0.700344	186
0.782718	129
0.858065	27
0.676868	186
0.744308	186
0.783627	184
0.778231	184
0.806237	53
0.683089	186
0.732824	30
0.759395	55
0.58842	186
0.622924	-1
0.320134	-1
0.663216	-1
0.865247	33
0.361651	-1
0.608644	-1
0.873296	186
0.505215	186
0.763723	186
0.716963	186
0.832482	55
0.844052	33
0.460231	186
0.854717	55
0.466957	186
0.696608	186
0.809776	76
0.819079	55
0.74732	186
0.770968	186
0.675729	186
0.741782	186
0.2794	186
0.528149	186
0.337834	186
0.514774	186
0.501604	186
0.561481	186
0.430669	186
0.761015	186
0.458222	186
0.594038	186
0.341931	186
0.458656	186
0.601524	186
0.573681	186
0.460759	186
0.714702	186
0.460839	186
0.693481	186
0.600742	186
0.617455	186
0.715213	186
0.557949	186
0.725884	19
0.70903	44
0.79585	115
0.471794	186
0.43224	186
0.728355	186
0.650207	186
0.600374	186
0.753453	155
0.614637	186
0.560967	186
0.529689	186
0.674526	186
0.883067	23
0.522224	186
0.626516	186
0.652352	186
0.590204	186
0.558583	186
0.492773	186
0.548657	186
0.45822	186
0.693904	186
0.633827	186
0.934438	5
0.547156	186
0.447445	186
0.676009	186
0.72771	186
0.69679	186
0.801205	186
0.841049	16
0.684076	186
0.657161	186
0.589963	186
0.462161	186
0.45293	186
0.582428	186
0.390692	186
0.450352	186
0.707714	186
0.781384	76
0.758806	186
0.535487	186
0.510783	186
0.540882	186
0.613616	186
0.332162	186
0.743294	12
0.869757	186
0.580163	186
0.537362	186
0.458991	186
0.451105	186
0.625748	186
0.486725	186
0.740227	186
0.64504	186
0.609234	186
0.736126	186
0.821118	186
0.306558	186
0.31471	186
0.603691	186
0.552718	186
0.545167	186
0.654719	186
0.547496	186
0.533582	186
0.383668	186
0.377465	186
0.719325	186
0.500753	186
0.614842	186
0.696945	186
0.594087	186
0.702053	186
0.465094	186
0.449885	186
0.443069	186
0.789143	58
0.519311	186
0.632788	186
0.668199	186
0.525487	186
0.671565	186
0.740773	186
0.650652	186
0.622701	186
0.662118	186
0.717647	186
0.659193	186
0.59569	186
0.536571	186
0.483704	186
0.383722	186
0.552671	186
0.853574	11
0.764741	5
0.627316	186
0.548508	186
0.749706	186
0.447496	186
0.47035	186
0.627633	186
0.519549	186
0.671659	186
0.661981	186
0.701283	186
0.552917	186
0.610599	186
0.710173	186
0.581309	186
0.783083	186
0.76733	151
0.735399	159
0.661364	186
0.400208	186
0.568653	186
0.553586	186
0.510711	186
0.510303	186
0.650637	186
0.590606	186
0.561627	186
0.478984	186
0.480156	186
0.833438	8
0.527408	186
0.397864	186
0.747633	186
0.561795	186
0.535303	186
0.525153	186
0.546097	186
0.512277	186
0.470953	186
0.545433	186
0.660647	186
0.562253	186
0.581954	186
0.52913	186
0.710045	186
0.595937	186
0.4801	186
0.753259	19
0.515487	186
0.513391	186
0.746066	23
0.663711	186
0.781472	18
0.789576	33
0.475324	186
0.490128	186
0.293163	186
0.518692	186
0.40126	186
0.528192	186
0.618791	186
0.512456	186
0.779269	95
0.616533	186
0.405022	186
0.460067	186
0.750795	186
0.548113	186
0.316353	186
0.77172	186
0.544912	186
0.344531	186
0.428959	186
0.470862	186
0.37249	186
0.500495	186
0.575065	186
0.487628	186
0.466566	186
0.568871	186
0.697564	186
0.562404	186
0.726856	186
0.44747	186
0.779442	38
0.648989	186
0.769352	-1
0.54009	186
0.839014	18
0.516746	186
0.732001	159
0.569027	186
0.514567	186
0.698732	186
0.503223	186
0.614944	186
0.649724	186
0.688262	186
0.782969	11
0.76717	18
0.28562	186
0.615716	186
0.715012	13
0.545066	186
0.660012	-1
0.653117	186
0.563466	186
0.82551	11
0.346732	186
0.553972	186
0.708524	8
0.665525	186
0.705776	186
0.476442	186
0.602909	186
0.640425	186
0.663426	186
0.500684	186
0.396272	186
0.753746	116
0.500538	186
0.451038	186
0.637537	186
0.487843	186
0.592253	186
0.448683	186
0.782455	26
0.657162	186
0.520499	186
0.78596	26
0.271755	186
0.707954	122
0.528419	186
0.707902	19
0.469467	186
0.649276	186
0.6388	186
0.769564	-1
0.837843	62
0.408256	186
0.545955	186
0.550321	186
0.659824	186
0.654918	186
0.880981	23
0.765672	186
0.473908	186
0.539022	186
0.484664	186
0.467809	186
0.458473	186
0.498368	186
0.580338	186
0.493731	186
0.55426	186
0.789091	58
0.816679	114
0.546683	186
0.802917	171
0.656452	186
0.388366	186
0.38011	186
0.31592	186
0.614619	186
0.706946	84
0.524358	186
0.538655	186
0.783771	2
0.78874	114
0.668832	186
0.463489	186
0.512174	186
0.685845	186
0.508476	186
0.816529	5
0.785975	72
0.509127	186
0.691997	186
0.538029	186
0.501106	186
0.656907	186
0.52352	186
0.522291	186
0.514377	186
0.541391	186
0.47342	186
0.760794	159
0.412714	186
0.442592	186
0.6352	186
0.462537	186
0.583375	186
0.465196	186
0.477932	186
0.696219	186
0.528655	186
0.457911	186
0.645409	186
0.571632	186
0.596462	186
0.48884	186
0.46298	186
0.573918	186
0.552102	186
0.684273	186
0.545267	186
0.520117	186
0.448664	186
0.662239	186
0.754384	1
0.778946	8
0.77158	140
0.738998	114
0.730587	18
0.653871	186
0.827418	128
0.842968	186
0.783568	143
0.795325	159
0.602055	186
0.559513	186
0.751194	19
0.840107	186
0.443666	186
0.541922	186
0.47975	186
0.628564	186
0.656002	186
0.530876	186
0.604275	186
0.779565	19
0.596519	186
0.705194	186
0.727024	186
0.645087	186
0.669377	186
0.686107	-1
0.564524	186
0.51439	186
0.603978	186
0.685646	186
0.509274	186
0.651678	186
0.6362	186
0.43821	186
0.575533	186
0.636381	186
0.674632	186
0.878507	141
0.673268	186
0.731524	5
0.731267	151
0.790181	186
0.469623	186
0.797542	9
0.755395	184
0.761651	151
0.598645	186
0.59722	186
0.712058	116
0.792701	186
0.620323	186
0.736756	159
0.536694	186
0.584472	186
0.681851	186
0.749442	186
0.541189	186
0.553829	186
0.755801	56
0.733235	116
0.663718	186
0.601148	186
0.559313	186
0.449093	186
0.419149	186
0.412773	186
0.423281	186
0.390804	186
0.63648	186
0.433008	186
0.594418	186
0.43304	186
0.617588	186
0.620247	186
0.633547	186
0.600385	186
0.526467	186
0.518477	186
0.683787	186
0.691361	186
0.547107	186
0.638805	186
0.729229	10
0.755237	-1
0.637738	186
0.656635	186
0.804383	104
0.835731	19
0.536114	186
0.653535	186
0.822347	151
0.712942	186
0.748905	186
0.596358	186
0.53502	-1
0.57829	186
0.776142	186
0.564318	186
0.701889	186
0.781803	95
0.833929	8
0.85473	176
0.889863	114
0.618075	186
0.79241	184
0.790626	16
0.843607	71
0.836195	88
0.574024	186
0.769953	178
0.5646	186
0.332951	186
0.708251	1
0.82277	102
0.667796	186
0.83454	171
0.785697	11
0.559818	186
0.702045	186
0.73154	186
0.836323	23
0.780249	23
0.714189	186
0.620758	186
0.602494	186
0.837491	-1
0.465696	186
0.727916	117
0.711841	186
0.762331	186
0.496858	186
0.608034	186
0.633806	186
0.417109	186
0.483678	186
0.511565	186
0.768677	62
0.82137	23
0.615393	186
0.610262	186
0.618377	186
0.363956	186
0.829385	87
0.748806	165
0.552679	186
0.574603	186
0.583783	186
0.865169	109
0.811575	151
0.730345	186
0.776154	38
0.735661	186
0.909029	-1
0.28342	186
0.543592	186
0.531075	186
0.642454	186
0.571334	186
0.519668	186
0.525494	186
0.449026	186
0.463926	186
0.5758	186
0.47476	-1
0.582763	-1
0.647543	186
0.63563	186
0.339042	186
0.57805	186
0.810672	19
0.590538	186
0.673759	186
0.52397	186
0.826924	18
0.829653	186
0.577459	186
0.414701	186
0.711916	186
0.770701	1
0.681175	186
0.591367	186
0.817674	24
0.79757	8
0.751816	24
0.783184	71
0.356047	186
0.503304	186
0.600377	186
0.657739	186
0.605524	186
0.716536	186
0.553237	186
0.588941	186
0.6172	186
0.760957	186
0.690147	186
0.470822	186
0.659639	186
0.571052	186
0.529357	186
0.550122	186
0.589557	186
0.472449	186
0.455232	186
0.796343	76
0.638035	186
0.763452	70
0.774613	-1
0.811884	-1
0.791251	26
0.803954	26
0.728659	186
0.69003	186
0.695414	186
0.540122	186
0.793515	186
0.797155	186
0.768072	186
0.822557	26
0.505696	186
0.845565	26
0.651159	186
0.501078	186
0.692203	186
0.701645	186
0.72002	186
0.618007	186
0.721642	186
0.619982	186
0.456151	186
0.651477	186
0.627554	186
0.77685	26
0.633547	186
0.732966	186
0.807194	26
0.85546	55
0.802474	26
0.580835	186
0.86122	84
0.560736	186
0.591571	186
0.585517	186
0.634217	186
0.503844	186
0.648059	186
0.661872	186
0.61311	186
0.622082	186
0.650165	186
0.675496	186
0.698211	186
0.774975	186
0.639637	186
0.623856	186
0.646899	186
0.578891	186
0.759155	186
0.664983	186
0.532052	186
0.556539	186
0.778594	38
0.726216	186
0.748137	186
0.428992	186
0.497661	186
0.525295	186
0.440617	186
0.474795	186
0.507383	186
0.393239	186
0.500709	186
0.554356	186
0.845023	26
0.85201	26
0.756542	44
0.622954	186
0.684571	186
0.657334	186
0.698232	186
0.736232	184
0.75767	36
0.806489	16
0.358932	186
0.452491	186
0.641883	186
0.595845	186
0.716925	186
0.654579	186
0.42914	186
0.747281	186
0.605178	186
0.465226	186
0.474691	186
0.626474	186
0.612369	186
0.708319	76
0.542723	186
0.572225	186
0.741929	186
0.696241	186
0.818184	186
0.673754	186
0.757727	186
0.738489	26
0.758025	107
0.733111	26
0.821847	18
0.777481	186
0.772495	26
0.770407	26
0.8152	186
0.402435	186
0.586785	186
0.567236	186
0.645923	186
0.568397	186
0.522833	186
0.599234	186
0.644569	186
0.494924	186
0.365835	186
0.361884	186
0.422372	186
0.755823	89
0.75611	1
0.447087	-1
0.622956	186
0.55343	186
0.547307	186
0.802152	125
0.660629	186
0.647698	186
0.794992	127
0.685031	186
0.750056	70
0.69508	186
0.600717	186
0.706315	186
0.793964	186
0.782581	186
0.714988	186
0.836289	186
0.739902	186
0.381921	186
0.68188	186
0.465142	186
0.487964	186
0.46674	186
0.47409	186
0.543109	186
0.559304	186
0.547037	186
0.625539	186
0.630571	186
0.505415	186
0.502377	186
0.432024	186
0.416247	186
0.649909	186
0.496269	186
0.529768	186
0.888245	147
0.577803	186
0.586867	186
0.511586	186
0.603912	186
0.440603	186
0.708098	186
0.579728	186
0.714888	186
0.592526	186
0.51364	186
0.553557	186
0.521596	186
0.610753	186
0.668899	186
0.704907	186
0.585874	186
0.493384	186
0.523325	186
0.493392	-1
0.516001	-1
0.505423	186
0.589456	-1
0.597652	-1
0.625078	-1
0.746697	186
0.631244	186
0.41243	186
0.51003	186
0.857858	186
0.526863	186
0.736362	111
0.735883	186
0.744519	186
0.706481	186
0.744716	26
0.533661	186
0.734005	186
0.539878	186
0.564992	186
0.620576	186
0.71154	140
0.874243	13
0.719369	186
0.542599	186
0.652904	186
0.714437	186
0.481934	186
0.52908	186
0.667789	186
0.841293	87
0.784794	186
0.809776	76
0.768722	23
0.749729	26
0.723921	186
0.521788	186
0.78012	140
0.770448	26
0.613767	186
0.427887	186
0.720784	186
0.540218	186
0.604533	186
0.677034	186
0.65137	186
0.822495	186
0.787788	114
0.749774	1
0.58929	186
0.414119	186
0.488542	186
0.599003	186
0.676888	186
0.539707	186
0.437737	186
0.553365	186
0.525184	186
0.529376	186
0.676966	186
0.64613	186
0.667822	186
0.595792	186
0.711022	186
0.641844	186
0.703144	186
0.74642	155
0.671575	186
0.707136	186
0.816995	155
0.684997	186
0.556614	186
0.522256	186
0.729337	12
0.555569	186
0.783898	26
0.533441	186
0.597798	186
0.579442	186
0.692988	-1
0.562747	186
0.805831	2
0.760831	23
0.626511	186
0.603177	186
0.623506	186
0.631619	186
0.77778	26
0.609299	186
0.591034	186
0.75889	53
0.823899	127
0.749612	186
0.761546	117
0.781199	186
0.660047	186
0.599835	186
0.747044	84
0.380889	186
0.831872	165
0.849474	23
0.655735	186
0.721748	186
0.829346	109
0.818267	53
0.758929	186
0.672035	186
0.594623	186
0.62158	186
0.489276	186
0.705593	186
0.618276	186
0.769158	186
0.746199	23
0.45915	186
0.551956	186
0.728062	186
0.487384	186
0.709859	186
0.731165	155
0.655847	186
0.577687	186
0.670314	186
0.815844	27
0.75304	18
0.633051	186
0.634757	186
0.772674	12
0.617402	186
0.863258	-1
0.800121	186
0.694833	186
0.585279	186
0.517161	186
0.801734	26
0.620006	186
0.670061	186
0.747629	186
0.794895	87
0.810552	10
0.722296	186
0.814307	151
0.49699	186
0.715411	186
0.574385	186
0.654685	186
0.632928	186
0.658633	186
0.626496	186
0.711436	186
0.759991	26
0.548937	186
0.771207	23
0.74086	186
0.717951	108
0.786848	12
0.586547	186
0.464449	186
0.90112	12
0.58733	186
0.554095	186
0.714061	76
0.698812	186
0.578507	186
0.66405	186
0.843692	26
0.630512	186
0.602474	186
0.63344	186
0.610642	186
0.852935	18
0.561477	186
0.797144	26
0.280382	-1
0.674854	186
0.56658	186
0.755631	186
0.723615	186
0.807874	26
0.822135	26
0.565737	186
0.531341	186
0.505703	186
0.666474	186
0.547753	186
0.570887	186
0.710509	38
0.863138	186
0.548655	186
0.614435	186
0.531464	186
0.777644	186
0.65566	186
0.594651	186
0.793538	186
0.423459	186
0.686653	186
0.520751	186
0.587242	186
0.58797	186
0.770113	186
0.723187	186
0.73723	186
0.693793	186
0.711516	186
0.729208	186
0.743552	27
0.59739	186
0.573216	186
0.693887	186
0.758796	38
0.783994	27
0.789417	27
0.626235	186
0.659302	186
0.657861	186
0.547672	186
0.545432	186
0.664238	186
0.733632	186
0.784959	18
0.541051	186
0.562733	186
0.687801	186
0.690109	186
0.7	18
0.557764	186
0.674922	186
0.795446	186
0.790566	136
0.681017	186
0.492669	186
0.534347	186
0.620167	186
0.547084	186
0.647621	186
0.599613	186
0.333754	186
0.693526	186
0.505184	186
0.679117	186
0.648095	186
0.649232	186
0.68571	186
0.716443	64
0.568467	186
0.76384	140
0.676367	186
0.561548	186
0.559401	186
0.589377	186
0.643518	186
0.670457	186
0.62826	186
0.395557	186
0.536842	186
0.648125	186
0.667718	186
0.594871	186
0.573002	186
0.669868	186
0.486832	186
0.618203	186
0.830859	127
0.573349	186
0.617887	186
0.516369	186
0.580805	186
0.623404	186
0.523232	186
0.480447	186
0.516827	186
0.489232	186
0.616927	186
0.600868	186
0.689364	186
0.856102	109
0.454289	186
0.565486	186
0.58743	186
0.437466	186
0.641686	186
0.615264	186
0.553986	186
0.448514	186
0.393035	186
0.570038	186
0.470848	186
0.548409	186
0.582298	186
0.658173	186
0.731497	149
0.644925	186
0.805976	127
0.797473	19
0.552985	186
0.561924	186
0.562742	186
0.749169	76
0.312178	186
0.679164	186
0.774709	186
0.710609	71
0.523278	186
0.551488	186
0.481729	186
0.586254	186
0.674433	186
0.42304	186
0.727839	186
0.538317	186
0.639294	186
0.649333	186
0.464381	186
0.445974	186
0.76832	33
0.568938	186
0.807569	23
0.665758	186
0.764998	186
0.617017	186
0.639607	186
0.734361	186
0.537119	186
0.443542	186
0.578571	186
0.711648	186
0.471565	186
0.74882	53
0.661872	186
0.328951	186
0.457755	186
0.6155	186
0.537576	186
0.366053	186
0.565283	186
0.653186	186
0.890771	26
0.607129	186
0.705584	186
0.663131	186
0.508071	186
0.414633	186
0.498396	186
0.649499	186
0.417959	186
0.401735	186
0.464136	186
0.814201	26
0.56695	186
0.682728	186
0.641578	186
0.616119	186
0.416729	186
0.760749	107
0.41056	186
0.730042	186
0.743237	186
0.676809	186
0.622685	186
0.525623	186
0.759084	186
0.563721	186
0.506163	186
0.78915	94
0.828644	19
0.72566	19
0.488011	186
0.654991	186
0.717913	186
0.545678	186
0.525941	186
0.568449	186
0.537618	186
0.678376	186
0.611199	186
0.664139	186
0.64731	186
0.618803	186
0.605951	186
0.617053	186
0.476739	186
0.564999	186
0.675711	186
0.553053	186
0.6388	186
0.619107	186
0.680586	186
0.642461	186
0.537063	186
0.418091	186
0.589333	186
0.790072	23
0.747584	158
0.554117	186
0.681731	186
0.635545	186
0.555488	186
0.543188	186
0.685402	186
0.549598	186
0.687637	186
0.65168	186
0.571336	186
0.428124	186
0.571462	186
0.675324	186
0.669185	186
0.573774	186
0.588962	186
0.615081	186
0.576211	186
0.675042	186
0.669764	186
0.525065	186
0.518733	186
0.584874	186
0.559249	186
0.564731	186
0.7188	186
0.533134	186
0.551854	186
0.590119	186
0.602222	186
0.616156	186
0.485202	186
0.68011	186
0.5285	186
0.497927	186
0.685076	186
0.753642	165
0.702804	186
0.443707	186
0.531582	186
0.556926	186
0.691139	186
0.659275	186
0.797127	186
0.688937	186
0.671567	186
0.632804	186
0.492254	186
0.664873	186
0.611436	186
0.602999	186
0.682334	186
0.790683	33
0.523385	186
0.64133	186
0.582039	186
0.511724	186
0.477298	186
0.575725	186
0.632753	186
0.886174	113
0.683505	186
0.554457	186
0.589913	186
0.610211	186
0.493392	-1
0.516001	-1
0.505423	186
0.589456	-1
0.597652	-1
0.625078	-1
0.55202	186
0.575183	186
0.647601	186
0.643966	186
0.70626	146
0.614219	186
0.531187	186
0.615533	186
0.641531	186
0.518983	186
0.534782	186
0.885864	18
0.847667	151
0.821251	87
0.767182	44
0.828111	151
0.752075	55
0.778219	35
0.783842	18
0.815846	172
0.565335	186
0.63108	186
0.590467	186
0.859435	10
0.716367	96
0.516999	186
0.623949	186
0.600709	186
0.745329	186
0.555681	186
0.666454	186
0.575016	186
0.711293	186
0.573769	186
0.721929	186
0.689359	186
0.830546	186
0.556141	186
0.549113	186
0.606766	186
0.761657	94
0.786963	127
0.774589	24
0.641286	186
0.527336	186
0.556509	186
0.720828	84
0.750227	24
0.709848	186
0.740572	186
0.849892	171
0.465168	186
0.557231	186
0.329108	186
0.47065	186
0.487005	186
0.615234	186
0.625681	186
0.678585	186
0.592587	186
0.621214	186
0.41959	186
0.420906	186
0.36178	186
0.513879	186
0.575642	186
0.670561	186
0.530972	186
0.528116	186
0.526324	186
0.622662	186
0.390976	186
0.455341	186
0.427679	186
0.65737	186
0.733606	186
0.141915	186
0.50352	186
0.419267	186
0.503851	186
0.620243	186
0.53521	186
0.550722	186
0.557176	186
0.575605	186
0.781724	44
0.656654	186
0.601065	186
0.623757	186
0.872751	27
0.685742	186
0.882971	179
0.655644	186
0.660355	186
0.628952	186
0.736746	186
0.754479	186
0.472407	186
0.612192	186
0.529577	186
0.57009	186
0.520214	186
0.72686	186
0.728794	186
0.589655	186
0.664698	186
0.674304	186
0.772343	122
0.576408	186
0.550781	186
0.728703	186
0.832323	72
0.37214	186
0.404933	186
0.405247	186
0.361674	186
0.615369	186
0.6228	186
0.358034	186
0.657894	186
0.807593	26
0.492545	186
0.736958	28
0.523148	186
0.47885	186
0.709078	186
0.716131	186
0.669711	186
0.571508	186
0.605183	186
0.738736	186
0.547521	186
0.63048	186
0.78062	182
0.750703	171
0.526765	186
0.614035	186
0.583306	186
0.575094	186
0.702374	186
0.467357	186
0.653706	186
0.480763	186
0.421399	186
0.513753	186
0.548975	186
0.589315	186
0.611649	186
0.521818	186
0.799457	62
0.758389	186
0.588217	186
0.405278	186
0.322538	186
0.549951	186
0.595124	186
0.618287	186
0.539678	186
0.677652	186
0.562656	186
0.597512	186
0.616797	186
0.545304	186
0.651687	186
0.620344	186
0.786722	159
0.692897	186
0.421304	186
0.623125	186
0.556122	186
0.527547	186
0.596528	186
0.756927	186
0.675667	186
0.605405	186
0.442121	186
0.397271	186
0.477459	186
0.615569	186
0.599822	186
0.580923	186
0.58817	186
0.606688	186
0.585562	186
0.693189	186
0.574316	186
0.594913	186
0.569306	186
0.42813	186
0.472534	186
0.674082	186
0.632676	186
0.628337	186
0.615788	186
0.528827	186
0.743172	186
0.797567	141
0.55206	186
0.611256	186
0.635122	186
0.451072	186
0.576222	186
0.516297	186
0.512934	186
0.709198	186
0.596576	186
0.51029	186
0.621728	186
0.553025	186
0.491274	186
0.475634	186
0.391187	186
0.346258	186
0.440067	186
0.415358	186
0.441815	186
0.443302	186
0.509349	186
0.585815	186
0.663439	186
0.723701	27
0.507224	186
0.619889	186
0.543454	186
0.55049	186
0.64579	186
0.536675	186
0.465624	186
0.539268	186
0.553619	186
0.387882	186
0.420697	186
0.789726	186
0.751489	186
0.768801	18
0.68645	186
0.740604	186
0.708444	18
0.655	186
0.750127	186
0.656251	186
0.673569	186
0.809084	165
0.740831	71
0.550923	186
0.632922	-1
0.60764	186
0.615943	186
0.769378	27
0.755053	18
0.779205	186
0.664224	186
0.678556	186
0.806851	55
0.513642	186
0.673012	186
0.731265	55
0.449087	186
0.483626	186
0.581026	186
0.657085	186
0.575799	-1
0.615272	186
0.686951	186
0.670224	186
0.801846	23
0.81008	38
0.657367	186
0.534274	186
0.536142	186
0.733022	186
0.727972	186
0.81797	186
0.664972	186
0.55793	186
0.574978	186
0.527257	186
0.414286	186
0.661425	186
0.593933	186
0.760689	186
0.809776	76
0.461151	186
0.421111	186
0.703029	186
0.701803	186
0.783896	23
0.764704	18
0.485878	186
0.506586	186
0.803828	23
0.890209	186
0.707672	186
0.508478	186
0.656111	186
0.573804	186
0.633103	186
0.584016	186
0.804279	27
0.482389	186
0.538669	186
0.794652	114
0.803096	186
0.719178	186
0.695014	186
0.590318	186
0.606562	186
0.664746	186
0.727362	186
0.486234	186
0.707405	186
0.63183	186
0.671213	186
0.621968	186
0.662095	186
0.738439	12
0.645748	186
0.808726	186
0.593854	186
0.409579	186
0.465048	186
0.473788	186
0.640813	186
0.677467	186
0.919987	53
0.499615	186
0.605365	186
0.59374	186
0.499034	186
0.751322	23
0.654866	186
0.589311	186
0.63971	186
0.59081	186
0.786912	76
0.627319	186
0.845518	123
0.179545	186
0.413975	186
0.511506	186
0.457346	186
0.544345	186
0.766296	186
0.718078	186
0.73957	186
0.655035	186
0.580974	186
0.549775	186
0.570846	186
0.852117	-1
0.824845	186
0.719843	-1
0.540681	186
0.670171	186
0.624157	186
0.618678	186
0.600272	186
0.501001	186
0.581991	186
0.612409	186
0.658426	186
0.560108	186
0.552731	186
0.661819	186
0.871886	64
0.436895	186
0.620415	186
0.56429	186
0.826859	186
0.758061	186
0.67052	186
0.463371	186
0.722506	186
0.674292	186
0.790261	186
0.331935	186
0.3405	186
0.408956	186
0.514041	186
0.521258	186
0.596162	186
0.656912	186
0.519042	186
0.666834	186
0.581523	186
0.599346	186
0.574378	186
0.762267	186
0.741847	186
0.586459	186
0.660294	186
0.495873	186
0.553788	186
0.704906	125
0.585016	186
0.654905	186
0.452709	186
0.417283	186
0.373915	186
0.426337	186
0.633802	186
0.579558	186
0.781278	18
0.741885	97
0.588841	186
0.804972	186
0.781278	18
0.651785	186
0.495854	186
0.704967	186
0.570824	186
0.612049	186
0.614232	186
0.504268	186
0.504268	186
0.502124	186
0.436369	186
0.774972	186
0.576333	186
0.706797	186
0.532429	186
0.438503	186
0.561695	186
0.682314	186
0.592532	186
0.603914	186
0.493212	186
0.486003	186
0.814494	185
0.605652	186
0.596465	186
0.599022	186
0.797885	18
0.788404	55
0.731266	44
0.673169	186
0.576588	186
0.722699	186
0.743779	186
0.794714	172
0.747364	186
0.574652	186
0.599221	186
0.541923	186
0.569886	186
0.528475	186
0.783293	23
0.493384	186
0.523325	186
0.668899	186
0.704907	186
0.585874	186
0.604319	186
0.612073	186
0.536149	186
0.632929	186
0.401888	186
0.292112	186
0.461115	186
0.398735	186
0.422001	186
0.766231	18
0.374323	186
0.604477	186
0.56518	186
0.491056	186
0.591295	186
0.430581	186
0.493607	186
0.692232	186
0.688891	186
0.542205	186
0.526061	186
0.4975	186
0.476442	186
0.611063	186
0.587343	186
0.824437	27
0.588261	186
0.501257	186
0.538373	186
0.614796	186
0.614796	186
0.669142	186
0.711171	186
0.751101	186
0.807049	186
0.651921	186
0.689571	186
0.628542	186
0.735345	186
0.651938	186
0.565382	186
0.6201	186
0.838754	186
0.765766	56
0.733969	186
0.825297	186
0.798815	149
0.660594	186
0.824543	76
0.663362	186
0.696763	186
0.567188	186
0.320159	186
0.471882	186
0.468084	186
0.476997	186
0.540681	186
0.571062	186
0.55187	186
0.545439	186
0.398372	186
0.365516	186
0.409411	186
0.743067	-1
0.752917	186
0.58258	186
0.446391	186
0.45707	186
0.527521	186
0.668516	186
0.659578	186
0.516291	186
0.519373	186
0.66144	186
0.66612	186
0.862021	55
0.528576	186
0.805769	155
0.730205	186
0.678083	186
0.669189	186
0.611308	186
0.471699	186
0.558883	186
0.59946	186
0.533462	186
0.718749	44
0.791456	76
0.418617	186
0.52747	186
0.503786	186
0.614838	186
0.590923	186
0.676345	186
0.538244	186
0.66767	186
0.496195	186
0.54068	186
0.645486	186
0.489345	186
0.545448	186
0.644279	186
0.630639	186
0.56684	186
0.586351	186
0.547423	186
0.73947	186
0.673383	186
0.612145	186
0.739188	76
0.729854	16
0.728395	186
0.718915	186
0.420457	186
0.574933	186
0.595051	186
0.497739	186
0.53326	186
0.798227	70
0.670434	186
0.631261	186
0.505747	186
0.748461	186
0.64708	186
0.597577	186
0.833771	23
0.828689	30
0.726599	186
0.681986	186
0.494059	186
0.469034	186
0.459829	186
0.471935	186
0.561224	186
0.565522	186
0.587274	186
0.488777	186
0.583	186
0.620258	186
0.646008	186
0.776094	70
0.595355	186
0.741968	186
0.684673	186
0.740314	186
0.829915	186
0.736883	5
0.719339	186
0.658059	186
0.66029	186
0.343403	186
0.539352	186
0.607172	186
0.408065	186
0.405642	186
0.580696	186
0.599545	186
0.55781	186
0.546199	186
0.465355	186
0.705602	19
0.631335	186
0.50181	186
0.512089	186
0.514292	186
0.491948	186
0.463117	186
0.406104	186
0.598211	186
0.599628	186
0.570737	186
0.471146	-1
0.651618	-1
0.769001	186
0.38307	186
0.509607	186
0.61688	186
0.762994	186
0.778596	186
0.662952	186
0.571655	186
0.766137	3
0.778776	186
0.535285	186
0.488216	186
0.617017	186
0.815507	10
0.750035	71
0.603736	186
0.649677	186
0.578085	186
0.714442	186
0.717117	186
0.707816	186
0.786684	186
0.626595	186
0.831418	149
0.602073	186
0.572499	186
0.503878	186
0.663077	186
0.685864	186
0.899067	76
0.826513	186
0.529663	186
0.657777	186
0.603586	186
0.629682	186
0.648116	186
0.617014	186
0.606492	186
0.687905	186
0.49077	186
0.681272	186
0.664664	186
0.646497	186
0.641753	186
0.607131	186
0.708571	186
0.734507	186
0.768377	186
0.32217	186
0.614306	186
0.629893	186
0.506878	186
0.290033	186
0.690813	186
0.732428	186
0.689234	186
0.447166	186
0.54122	186
0.509257	186
0.538698	186
0.588014	186
0.679378	186
0.813217	70
0.558467	186
0.591704	186
0.443118	186
0.409868	186
0.480584	186
0.449375	186
0.51238	186
0.569541	186
0.541532	186
0.516619	186
0.508486	186
0.489787	186
0.44798	186
0.498693	186
0.391214	186
0.447077	186
0.493496	186
0.525741	186
0.469041	186
0.470918	186
0.59956	186
0.851883	1
0.625965	186
0.465043	186
0.490265	186
0.469743	186
0.672098	186
0.637181	186
0.704237	81
0.419142	186
0.491221	186
0.595541	186
0.572948	186
0.534753	186
0.555587	186
0.566778	186
0.493882	186
0.650474	186
0.48744	186
0.703376	186
0.574531	186
0.347057	186
0.638443	186
0.380757	186
0.502305	186
0.54766	186
0.393726	186
0.566408	186
0.417509	186
0.497658	186
0.417509	186
0.555219	186
0.665362	186
0.67798	186
0.500497	186
0.517151	186
0.67516	186
0.609217	186
0.555066	186
0.54508	186
0.708428	186
0.563243	186
0.632969	186
0.655826	186
0.629815	186
0.689239	186
0.723809	186
0.732659	186
0.672185	186
0.734689	186
0.855079	186
0.792738	171
0.732644	186
0.545635	186
0.64417	186
0.777109	30
0.727505	186
0.643653	186
0.660765	186
0.672833	186
0.647053	186
0.609732	186
0.341467	186
0.577997	186
0.604099	186
0.71879	186
0.772453	186
0.79319	186
0.670153	186
0.683483	186
0.736438	186
0.696852	186
0.668156	186
0.667678	186
0.592698	186
0.593804	186
0.752206	186
0.623708	186
0.696081	186
0.700004	186
0.764367	71
0.790418	70
0.580011	186
0.565214	186
0.7059	186
0.654293	186
0.5836	186
0.502934	186
0.55796	186
0.546148	-1
0.660558	-1
0.671961	186
0.714978	186
0.659055	186
0.530332	186
0.573645	186
0.32832	186
0.499725	186
0.517251	186
0.562234	186
0.528514	186
0.74485	19
0.749555	71
0.599845	186
0.540864	186
0.547304	186
0.862963	8
0.750802	186
0.714074	186
0.517802	186
0.612808	186
0.625597	186
0.497988	186
0.545828	186
0.381261	186
0.381417	186
0.378589	186
0.485651	186
0.609331	186
0.470123	186
0.342136	186
0.336042	186
0.550483	186
0.539215	186
0.371577	186
0.467552	186
0.531748	186
0.529223	186
0.654463	186
0.517155	186
0.537443	186
0.535348	186
0.640336	186
0.640336	186
0.722033	186
0.807643	159
0.594583	186
0.61786	186
0.686762	186
0.709444	186
0.367115	186
0.662646	186
0.575789	186
0.737617	186
0.51578	186
0.574134	186
0.628218	186
0.515374	186
0.67311	186
0.63893	186
0.668668	186
0.727454	186
0.707581	186
0.734092	186
0.725388	186
0.721972	186
0.733008	186
0.740132	81
0.685161	186
0.896085	10
0.811106	10
0.576115	186
0.764898	186
0.577675	186
0.518509	186
0.583012	186
0.560423	186
0.753545	186
0.731964	186
0.560423	186
0.704608	18
0.634168	186
0.68705	186
0.712082	-1
0.575349	186
0.578915	186
0.576416	186
0.738672	186
0.690826	186
0.612246	186
0.583865	186
0.57435	186
0.480732	186
0.613234	186
0.752089	154
0.775713	53
0.797474	154
0.644366	186
0.809731	127
0.725376	186
0.809744	71
0.814998	186
0.66126	186
0.566468	186
0.724719	186
0.712722	186
0.636447	186
0.688718	186
0.540765	186
0.536525	186
0.705649	186
0.612548	186
0.553209	186
0.73017	186
0.657238	186
0.527536	186
0.527287	186
0.292165	186
0.300461	186
0.516505	186
0.655001	186
0.562049	186
0.465648	186
0.417177	186
0.807606	186
0.773674	18
0.627654	186
0.784054	147
0.832094	107
0.715455	186
0.50886	186
0.565091	186
0.704793	186
0.637101	186
0.523939	186
0.52015	186
0.743342	30
0.732478	186
0.660359	186
0.674474	-1
0.551911	-1
0.855316	186
0.369064	186
0.740363	186
0.787054	125
0.672927	186
0.790818	10
0.699209	186
0.605137	186
0.647692	186
0.401153	186
0.817065	171
0.66778	186
0.672789	186
0.544829	186
0.838138	171
0.758476	27
0.794711	116
0.436767	186
0.793228	18
0.721693	186
0.64973	186
0.638488	186
0.5899	186
0.744699	186
0.752946	171
0.517563	186
0.70394	12
0.710818	186
0.486708	186
0.539114	186
0.695187	186
0.721557	186
0.653339	186
0.797956	186
0.762687	186
0.714186	12
0.708578	18
0.659634	186
0.715645	186
0.598199	186
0.648991	186
0.677906	186
0.808451	186
0.694232	186
0.759056	186
0.686864	186
0.666546	186
0.45341	186
0.7794	186
0.618453	186
0.492272	186
0.497418	186
0.637197	186
0.344921	186
0.486542	186
0.458927	186
0.60607	186
0.620572	186
0.541543	186
0.384984	186
0.589612	186
0.544075	186
0.56996	186
0.495297	186
0.592636	186
0.5514	186
0.615013	186
0.648555	186
0.725485	186
0.339311	186
0.799986	186
0.815148	186
0.40005	186
0.527813	186
0.807118	82
0.5845	186
0.668093	186
0.701531	186
0.713559	186
0.533223	186
0.548114	186
0.655894	186
0.631288	186
0.707953	186
0.784246	18
0.359275	186
0.660977	186
0.673828	186
0.569741	186
0.578817	186
0.570177	186
0.572877	186
0.675522	186
0.640766	186
0.331613	186
0.646627	186
0.749776	13
0.639533	186
0.613034	186
0.538131	186
0.529151	186
0.487131	186
0.553157	186
0.547442	186
0.641339	186
0.758477	186
0.86692	12
0.530774	186
0.548851	186
0.670985	186
0.615685	186
0.657041	186
0.58458	186
0.725341	186
0.678552	186
0.574473	186
0.738603	186
0.706384	186
0.723569	186
0.605012	186
0.764027	186
0.687657	186
0.66115	186
0.720758	186
0.769636	186
0.651007	186
0.592728	186
0.730827	186
0.715083	127
0.595868	186
0.72265	186
0.516726	186
0.588489	186
0.487078	186
0.58844	186
0.610036	186
0.692503	186
0.610867	186
0.57038	186
0.706888	186
0.750927	186
0.491863	186
0.431815	186
0.542301	186
0.576993	186
0.443729	186
0.460634	186
0.569898	186
0.590807	186
0.594961	186
0.562106	186
0.624382	186
0.598317	186
0.635237	186
0.529921	186
0.509362	186
0.505037	186
0.620378	186
0.587597	186
0.580293	186
0.597505	186
0.66654	186
0.536473	186
0.552431	186
0.595046	186
0.585958	186
0.633113	186
0.50679	186
0.596671	186
0.653008	186
0.569406	-1
0.600378	-1
0.668009	-1
0.639981	186
0.488935	186
0.478991	186
0.529337	186
0.512013	186
0.470856	186
0.460179	186
0.725899	186
0.902708	186
0.814994	18
0.501226	186
0.795075	113
0.598572	186
0.769675	186
0.818932	117
0.81025	94
0.671606	186
0.615622	186
0.785721	159
0.816121	186
0.78131	186
0.62505	186
0.715154	7
0.705429	186
0.696088	186
0.706551	186
0.566985	186
0.88675	53
0.691213	-1
0.785889	109
0.841168	23
0.581727	186
0.745619	38
0.72596	186
0.562889	186
0.641807	186
0.702868	186
0.661249	186
0.644227	186
0.556061	186
0.47532	186
0.697536	186
0.566661	186
0.585061	186
0.609262	186
0.78707	64
0.570362	186
0.571672	186
0.642698	186
0.583809	186
0.486676	186
0.533749	186
0.455016	186
0.710526	186
0.734817	186
0.714601	186
0.523485	186
0.452752	186
0.340212	186
0.61249	186
0.642858	186
0.725253	186
0.597105	186
0.755983	186
0.796206	-1
0.637787	-1
0.615234	186
0.667369	186
0.544584	186
0.550957	186
0.5857	186
0.550298	186
0.521258	186
0.61643	186
0.653124	186
0.577375	186
0.614639	186
0.590778	186
0.517236	186
0.406986	186
0.417768	186
0.479507	186
0.425206	186
0.5033	186
0.583984	186
0.524068	186
0.638989	186
0.421953	186
0.477529	186
0.382713	186
0.67366	186
0.518916	186
0.69593	186
0.547615	186
0.614219	186
0.531187	186
0.615533	186
0.641531	186
0.518983	186
0.534782	186
0.750478	27
0.895739	76
0.755146	184
0.553423	186
0.735829	186
0.62139	186
0.513251	186
0.616262	186
0.593301	186
0.638463	186
0.548592	186
0.458504	186
0.530587	186
0.620352	186
0.548592	186
0.726749	186
0.486719	186
0.555847	186
0.551283	186
0.4989	186
0.627249	186
0.630436	186
0.60854	186
0.661922	186
0.47724	186
0.646065	186
0.634653	186
0.535248	186
0.652084	186
0.548774	186
0.561961	186
0.651134	186
0.659971	186
0.523585	186
0.52657	186
0.528799	186
0.636451	186
0.584413	186
0.787242	186
0.669759	186
0.41289	186
0.576205	186
0.621802	186
0.61719	186
0.663566	186
0.671021	186
0.60595	186
0.674896	186
0.615636	186
0.578538	186
0.65394	186
0.547398	186
0.631667	186
0.460632	186
0.579326	186
0.582608	186
0.752875	186
0.68611	186
0.641086	186
0.616647	186
0.65969	186
0.735649	186
0.854327	127
0.657217	186
0.693844	186
0.568482	186
0.556437	186
0.502462	186
0.638747	186
0.602145	186
0.55908	186
0.496328	186
0.800072	127
0.767451	186
0.786762	186
0.634497	186
0.809625	11
0.744815	186
0.562949	186
0.693644	186
0.41317	186
0.470176	186
0.494488	186
0.535555	186
0.507983	186
0.602841	186
0.48384	186
0.615196	186
0.583248	186
0.673205	186
0.629124	186
0.470139	186
0.541412	186
0.349934	186
0.457299	186
0.505165	186
0.589085	186
0.582425	186
0.459407	186
0.369683	186
0.655908	186
0.668329	186
0.644271	186
0.710313	186
0.519258	186
0.703313	27
0.585545	186
0.582677	186
0.588983	186
0.656236	186
0.722297	186
0.429947	186
0.641666	186
0.737407	186
0.680336	186
0.592685	186
0.603318	186
0.592634	186
0.804788	186
0.473966	186
0.424437	186
0.386003	186
0.637695	186
0.742696	186
0.645638	186
0.844116	-1
0.386586	186
0.610953	186
0.615219	186
0.433332	186
0.677093	186
0.608001	186
0.835481	186
0.404927	186
0.85186	113
0.692732	186
0.4065	186
0.896332	16
0.624241	186
0.831302	159
0.835858	186
0.762459	186
0.797831	116
0.513843	186
0.567796	186
0.560386	186
0.58397	186
0.572673	186
0.447122	186
0.682614	186
0.595514	186
0.442045	186
0.630873	186
0.56505	186
0.743225	186
0.583367	186
0.593175	186
0.573478	186
0.614207	186
0.918104	94
0.656271	186
0.800543	56
0.799266	76
0.681521	186
0.645929	186
0.849573	18
0.809254	27
0.589816	186
0.637526	186
0.635666	186
0.599233	186
0.635975	186
0.608066	186
0.562253	186
0.491793	186
0.560069	186
0.652732	186
0.619732	186
0.810098	19
0.605069	186
0.710187	186
0.620152	186
0.55827	186
0.623322	186
0.578144	186
0.805175	186
0.74622	186
0.809658	-1
0.660707	186
0.647542	186
0.654325	-1
0.866473	55
0.666449	186
0.679223	186
0.599598	186
0.77841	186
0.745678	186
0.400313	186
0.826082	76
0.466657	186
0.568917	186
0.783704	186
0.707418	186
0.812828	64
0.717135	116
0.541371	186
0.508455	186
0.819146	186
0.566348	186
0.67017	186
0.8688	109
0.661249	186
0.594708	186
0.752575	149
0.815114	18
0.701249	186
0.756295	186
0.78695	18
0.5862	186
0.709738	186
0.836873	23
0.743498	186
0.641564	186
0.747367	186
0.825321	186
0.881874	186
0.830523	18
0.760195	76
0.71075	186
0.596935	186
0.812662	186
0.553177	186
0.444204	186
0.385774	186
0.41669	186
0.635139	186
0.569267	186
0.308167	186
0.375376	-1
0.807127	176
0.640961	186
0.516876	186
0.533193	186
0.412867	186
0.812153	186
0.857332	56
0.510023	186
0.548359	-1
0.798328	186
0.846645	54
0.762614	186
0.706373	186
0.56904	186
0.772331	186
0.818771	186
0.482152	186
0.467045	186
0.504691	186
0.480239	186
0.561703	186
0.706011	186
0.908413	147
0.621317	186
0.867628	53
0.719709	-1
0.773501	186
0.631632	186
0.630575	186
0.671914	186
0.705796	186
0.535465	186
0.886229	154
0.866647	154
0.589568	186
0.675676	186
0.809776	76
0.533258	186
0.693478	186
0.619691	186
0.530003	186
0.57681	186
0.741525	186
0.579823	186
0.828666	23
0.432732	186
0.892782	186
0.57542	186
0.425526	186
0.492218	186
0.85298	23
0.88036	116
0.477691	186
0.651559	186
0.874745	186
0.800348	186
0.818822	186
0.920145	10
0.724717	186
0.521847	186
0.716387	11
0.883475	10
0.354389	186
0.409545	186
0.938726	10
0.661957	186
0.896926	18
0.582915	186
0.515061	186
0.514532	186
0.452223	186
0.855722	169
0.557423	186
0.633375	186
0.620696	-1
0.702025	186
0.585478	186
0.634968	186
0.662282	186
0.704394	186
0.592205	186
0.501873	186
0.799804	186
0.896356	55
0.71748	186
0.898275	76
0.579925	186
0.670161	186
0.606225	186
0.745755	186
0.354917	186
0.668574	186
0.692024	186
0.526901	186
0.660966	186
0.760463	186
0.532159	186
0.70121	186
0.739462	186
0.807502	186
0.736901	186
0.7957	186
0.873897	186
0.697828	186
0.66399	186
0.808209	64
0.765747	186
0.876439	53
0.65562	186
0.757142	186
0.743027	186
0.863911	55
0.8158	155
0.651876	-1
0.63535	-1
0.512148	-1
0.756492	88
0.903272	109
0.735238	108
0.715147	23
0.789182	-1
0.822273	186
0.803857	68
0.857332	76
0.693222	186
0.757039	186
0.788974	-1
0.64365	186
0.465548	186
0.383049	186
0.459993	186
0.657645	186
0.595596	186
0.671576	186
0.805058	71
0.651597	186
0.729153	186
0.754648	18
0.570164	186
0.521236	186
0.620808	186
0.613579	186
0.540461	186
0.600896	186
0.484061	186
0.593447	186
0.681644	186
0.719256	186
0.658491	186
0.579934	186
0.611337	186
0.708847	154
0.724422	165
0.669165	186
0.721521	186
0.801844	186
0.748301	18
0.668812	186
0.601383	186
0.691513	186
0.907605	18
0.535891	186
0.818499	18
0.73598	186
0.806929	13
0.628464	186
0.548284	186
0.50528	186
0.823778	154
0.64618	186
0.546951	186
0.636672	186
0.513998	-1
0.852464	10
0.685471	186
0.596271	186
0.638024	186
0.651807	186
0.574488	186
0.575264	186
0.516043	186
0.340829	186
0.664883	186
0.737749	55
0.723502	186
0.59129	186
0.750032	186
0.648948	186
0.655938	186
0.898689	56
0.554079	186
0.718225	186
0.551898	186
0.733691	186
0.888345	186
0.799902	186
0.523915	186
0.641832	186
0.796984	151
0.849501	186
0.590594	186
0.454739	186
0.465096	186
0.735417	186
0.436392	186
0.60786	186
0.846434	186
0.853209	151
0.575161	186
0.670443	186
0.622975	186
0.630296	186
0.689753	186
0.794194	66
0.65255	186
0.574857	186
0.673879	186
0.659554	186
0.614115	186
0.78878	109
0.819086	186
0.492516	186
0.506945	186
0.558578	186
0.787978	23
0.773665	186
0.8794	186
0.566115	186
0.665846	186
0.639317	186
0.634863	186
0.368902	186
0.617844	186
0.370048	186
0.345039	186
0.508545	186
0.438776	186
0.774349	186
0.774423	8
0.79044	27
0.802362	12
0.67274	186
0.440749	186
0.740107	76
0.657688	186
0.555519	186
0.911323	155
0.555072	186
0.446754	186
0.689082	186
0.675214	186
0.59614	-1
0.769661	144
0.444518	186
0.471427	-1
0.950139	87
0.522688	186
0.737979	186
0.774228	186
0.77983	147
0.779858	186
0.853514	18
0.396982	186
0.491071	186
0.577021	186
0.595638	186
0.697949	186
0.396982	186
0.421397	186
0.334289	186
0.396982	186
0.432077	186
0.509551	186
0.836757	23
0.634871	186
0.769134	53
0.420802	186
0.748315	186
0.73537	171
0.818481	186
0.454877	186
0.753887	147
0.845274	186
0.752554	186
0.737715	33
0.747878	19
0.571688	186
0.566923	186
0.824009	23
0.650908	186
0.637496	186
0.559993	186
0.788123	186
0.646633	186
0.671088	186
0.644008	186
0.749193	186
0.460759	186
0.637296	186
0.456283	186
0.797865	23
0.431763	-1
0.669469	186
0.555556	-1
0.748576	186
0.751613	186
0.955556	-1
0.729615	186
0.653016	186
0.689493	186
0.525802	-1
0.717877	186
0.590259	186
0.798198	186
0.83455	109
0.699568	186
0.411793	186
0.723834	186
0.900423	-1
0.834646	186
0.775578	64
0.718349	186
0.724728	-1
0.870438	92
0.698428	-1
0.643981	186
0.788913	174
0.744773	108
0.478312	-1
0.495621	186
0.539999	186
0.727461	186
0.418694	186
0.637499	186
0.475941	186
0.568763	186
0.83455	-1
0.975293	-1
0.597422	-1
0.69622	186
0.678762	186
0.83213	186
0.457	186
0.642654	186
0.685205	186
0.513954	-1
0.819082	186
0.632339	186
0.568037	186
0.337765	186
0.885642	116
0.822675	18
0.46405	-1
0.81809	1
0.815298	151
0.784704	159
0.802909	33
0.897918	177
0.893586	23
0.624387	186
0.77361	76
0.638857	186
0.600516	186
0.779242	109
0.81185	33
0.762896	186
0.894286	186
0.549435	186
0.624296	186
0.736955	186
0.718678	186
0.964044	-1
0.794821	186
0.772868	96
0.832756	186
0.705674	186
0.850914	23
0.635869	186
0.604219	186
0.802623	18
0.868182	186
0.812941	33
0.730215	186
0.670587	186
0.72381	186
0.890493	116
0.702786	186
0.81614	-1
0.822357	186
0.573235	-1
0.433085	186
0.869785	-1
0.581953	186
0.616564	186
0.670453	186
0.762653	158
0.635418	186
0.63099	186
0.68772	186
0.857332	76
0.826859	186
0.658595	186
0.484135	186
0.619601	186
0.649333	186
0.680601	186
0.717823	186
0.496721	186
0.719256	186
0.769897	53
0.560936	186
0.475799	186
0.560356	186
0.529097	186
0.63815	186
0.526363	186
0.769945	186
0.712082	186
0.76373	186
0.543854	186
0.474127	186
0.436262	186
0.528726	186
0.59287	186
0.567137	186
0.488451	186
0.528645	186
0.610474	186
0.371431	186
0.497822	186
0.390008	186
0.689698	186
0.4359	186
0.895961	186
0.713864	186
0.710303	-1
0.596891	-1
0.513341	-1
0.414877	186
0.726259	53
0.549245	186
0.646575	186
0.839699	87
0.676886	186
0.90368	-1
0.82986	76
0.803666	32
0.727977	74
0.7878	26
0.531715	186
0.818858	53
0.627561	186
0.785749	154
0.681461	186
0.773673	154
0.732863	39
0.562153	186
0.651763	186
0.509759	186
0.335779	186
0.619307	186
0.782166	-1
0.657634	186
1	34
0.652382	186
0.704782	186
0.618679	186
0.908973	98
0.658124	186
0.376168	-1
0.768663	186
0.779384	186
0.584907	186
0.755206	186
0.609242	186
0.766724	64
0.717884	23
0.811137	11
0.617767	186
0.822004	18
0.462893	-1
0.393757	186
0.781774	186
0.823665	154
0.797736	53
0.789346	-1
0.853611	-1
0.696417	-1
0.618161	186
0.538783	186
0.815901	33
0.911033	27
0.880778	184
0.75552	148
0.727587	186
0.761632	186
0.798498	23
0.841207	186
0.867522	186
0.600639	186
0.749659	186
0.552024	186
0.518407	186
0.581726	186
0.686841	186
0.717119	186
0.592818	186
0.661471	186
0.727852	186
0.650123	186
0.613043	186
0.641933	186
0.538247	186
0.562394	186
0.819111	-1
0.723104	-1
0.836908	38
0.862249	1
0.694268	186
0.501037	186
0.777368	186
0.809383	186
0.763306	186
0.682179	186
0.744628	-1
0.79847	-1
0.939777	87
0.581317	186
0.726615	186
0.850943	18
0.688099	186
0.579296	186
0.504847	186
0.638685	186
0.790613	186
0.633751	186
0.647094	186
0.649298	186
0.667076	186
0.798225	-1
0.471369	-1
0.582393	186
0.564127	186
0.547647	186
0.47132	186
0.549892	186
0.474575	186
0.584541	186
0.586622	186
0.786184	26
0.985341	92
0.88792	33
0.558388	186
0.701036	186
0.424711	186
0.493323	186
0.708429	186
0.627993	186
0.435569	186
0.451353	186
0.579342	186
0.593144	186
0.556204	186
0.631498	186
0.524827	186
0.680723	186
0.670327	186
0.750184	186
0.717971	186
0.698283	186
0.633836	186
0.626186	186
0.747812	186
0.740646	186
0.798687	11
0.559326	186
0.477853	186
0.782327	186
0.759062	186
0.889449	144
0.841068	144
0.542015	186
0.432704	186
0.81674	10
0.796468	33
0.754341	186
0.814037	117
0.630398	186
0.701175	186
0.768149	186
0.857813	10
0.64663	186
0.547791	186
0.568052	186
0.504142	186
0.52466	186
0.72187	18
0.695641	186
0.533695	186
0.638557	186
0.206099	186
0.646689	186
0.468935	186
0.720488	186
0.668284	186
0.857172	186
0.807562	24
0.818778	94
0.574756	186
0.624738	186
0.585724	186
0.8123	186
0.578593	186
0.772078	107
0.600895	186
0.747136	186
0.647745	186
0.703632	186
0.375694	186
0.529601	186
0.682997	186
0.641256	186
0.375342	186
0.33875	186
0.588339	186
0.658212	186
0.639538	186
0.747891	186
0.756796	186
0.570891	186
0.590119	186
0.744609	186
0.810914	186
0.603204	186
0.876038	1
0.783237	84
0.396664	186
0.495807	186
0.479901	186
0.624665	186
0.670731	186
0.491675	186
0.545421	186
0.503989	186
0.632577	186
0.511806	186
0.540856	186
0.748695	186
0.921066	151
0.653117	-1
0.727174	186
0.600447	-1
0.553804	186
0.577563	186
0.791192	186
0.781661	109
0.512321	186
0.679975	186
0.640324	186
0.71841	116
0.639153	186
0.706938	186
0.432704	186
0.435759	186
0.541716	186
0.612753	186
0.633072	186
0.402137	186
0.444548	186
0.624524	186
0.657519	186
0.48041	186
0.491946	186
0.471057	186
0.547014	186
0.405557	186
0.521581	186
0.792935	44
0.607331	186
0.736493	5
0.654236	186
0.61759	186
0.617442	186
0.615352	186
0.402637	186
0.490931	186
0.633575	186
0.620305	186
0.628114	186
0.717205	186
0.511024	186
0.510595	186
0.571535	186
0.560981	186
0.601962	186
0.495232	186
0.518718	186
0.490689	186
0.56255	186
0.632161	186
0.517702	186
0.601363	186
0.719086	186
0.675587	186
0.593889	186
0.814195	116
0.826009	186
0.526492	186
0.842255	23
0.481497	186
0.586829	186
0.604885	186
0.605984	186
0.566664	186
0.614458	186
0.559196	186
0.611509	186
0.691904	186
0.694122	186
0.699355	186
0.733445	186
0.689989	186
0.749937	186
0.84609	186
0.703134	186
0.795234	186
0.952503	147
0.630416	186
0.565013	186
0.7445	186
0.684323	186
0.694444	186
0.597825	186
0.793021	186
0.638799	186
0.47082	186
0.617221	186
0.577601	186
0.651765	186
0.480779	186
0.789198	186
0.728838	127
0.276934	186
0.691787	186
0.66936	186
0.461231	186
0.641873	186
0.779012	130
0.75655	105
0.648361	186
0.536146	186
0.727694	-1
0.66576	186
0.51034	-1
0.472012	186
0.918475	-1
0.6711	186
0.4784	-1
0.452114	-1
0.669976	-1
0.939148	16
0.68549	186
0.414122	186
0.357914	186
0.347041	186
0.365706	186
0.745977	53
0.66543	186
0.656895	186
0.667663	186
0.596012	186
0.586556	186
0.665977	186
0.452159	186
0.624006	186
0.666667	186
0.506705	186
0.788387	154
0.600714	186
0.68825	186
0.47033	186
0.73773	186
0.758705	82
0.761244	186
0.6946	186
0.804595	186
0.729054	186
0.649299	186
0.451701	186
0.700752	186
0.525708	186
0.478864	186
0.69258	186
0.734437	122
0.591595	186
0.461735	186
0.733505	53
0.638422	186
0.539733	186
0.359132	186
0.700581	186
0.46157	186
0.600887	186
0.525851	186
0.719828	186
0.752474	186
0.757263	186
0.588917	186
0.559928	186
0.561945	186
0.652247	186
0.67286	186
0.582735	186
0.555532	186
0.722897	186
0.760953	19
0.692656	186
0.692728	186
0.678618	186
0.796254	53
0.625296	186
0.697647	186
0.612899	186
0.807341	186
0.751619	186
0.88785	30
0.771463	186
0.760667	123
0.685837	186
0.507665	-1
0.721777	186
0.738851	186
0.727542	186
0.742182	186
0.632761	-1
0.453234	186
0.762139	186
0.624133	186
0.568194	186
0.736886	186
0.433363	186
0.560366	186
0.549492	186
0.572233	186
0.530067	186
0.420457	186
0.516928	186
0.527903	186
0.636253	186
0.640077	186
0.890205	186
0.588405	186
0.739224	174
0.378178	186
0.385249	186
0.41704	186
0.512615	186
0.443564	186
0.703905	186
0.604524	186
0.74408	186
0.623551	186
0.458386	186
0.540203	186
0.612774	186
0.679904	186
0.717881	186
0.513118	186
0.72671	186
0.643204	186
0.785249	12
0.767137	172
0.752381	16
0.706345	186
0.723045	186
0.55225	186
0.430779	186
0.454249	186
0.62258	186
0.686914	186
0.631929	186
0.425821	186
0.370749	186
0.901331	53
0.701497	186
0.675531	186
0.594367	186
0.622424	186
0.521415	186
0.59918	186
0.37151	186
0.522724	186
0.620776	186
0.587284	186
0.836846	26
0.729688	186
0.560569	186
0.739585	186
0.717041	186
0.601725	186
0.769514	186
0.737543	186
0.664976	186
0.694659	186
0.780005	186
0.679525	186
0.543374	186
0.632559	186
0.599621	186
0.524733	186
0.530696	186
0.63862	186
0.561113	186
0.550426	186
0.719171	96
0.67217	186
0.789578	27
0.724764	101
0.730451	186
0.603951	186
0.600447	186
0.576246	186
0.822753	132
0.762967	186
0.786776	145
0.471215	186
0.588638	186
0.57052	186
0.521775	186
0.604784	186
0.655578	186
0.664863	186
0.48587	186
0.588362	186
0.617767	186
0.722316	186
0.586643	186
0.495178	186
0.94275	38
0.704015	186
0.616206	-1
0.650255	186
0.551973	186
0.636144	186
0.510059	186
0.525595	186
0.583304	186
0.63859	186
0.942338	18
0.583995	186
0.455266	186
0.510884	186
0.488641	186
0.639152	186
0.498133	186
0.545196	186
0.649874	186
0.665852	186
0.593646	186
0.609906	186
0.656029	186
0.72617	-1
0.566154	186
0.591821	186
0.623831	186
0.916458	186
0.728167	186
0.833148	186
0.492736	186
0.682929	186
0.695086	186
0.471397	186
0.426141	186
0.708035	186
0.719403	186
0.748433	186
0.722899	8
0.430072	186
0.73098	26
0.690659	186
0.607909	186
0.493517	186
0.610836	186
0.699579	186
0.833478	127
0.811382	136
0.618142	186
0.563429	186
0.493517	186
0.66585	186
0.615604	186
0.3831	186
0.507011	186
0.653897	186
0.508071	186
0.628319	186
0.604322	186
0.646462	186
0.589743	186
0.629859	186
0.404617	186
0.555591	186
0.642583	186
0.617932	186
0.656931	186
0.624603	186
0.594125	186
0.428485	186
0.596624	186
0.483382	186
0.601823	186
0.483808	186
0.669458	186
0.447792	186
0.51498	186
0.525281	186
0.408451	186
0.652761	186
0.557182	186
0.738885	186
0.538696	186
0.69987	186
0.762923	186
0.491945	186
0.595444	186
0.524363	186
0.434269	186
0.480422	186
0.664145	186
0.686583	186
0.568047	186
0.618687	186
0.467197	186
0.493313	186
0.744371	186
0.646913	186
0.651975	186
0.601249	186
0.631737	186
0.645359	186
0.670015	186
0.539878	186
0.647261	186
0.573724	186
0.757741	186
0.767823	186
0.610322	186
0.581859	186
0.613595	186
0.642062	186
0.657998	186
0.434372	186
0.799423	186
0.905201	106
0.80002	18
0.608181	186
0.747304	18
0.802406	44
0.743014	186
0.620621	186
0.694049	186
0.84384	115
0.666231	186
0.611406	186
0.55548	186
0.517807	186
0.528686	186
0.648758	186
0.646935	186
0.747436	171
0.530577	186
0.419733	186
0.486196	186
0.521729	186
0.621992	186
0.568969	186
0.56584	186
0.620964	186
0.399141	186
0.364786	186
0.640691	186
0.631796	186
0.502127	186
0.446306	186
0.529118	186
0.297327	186
0.387765	186
0.473988	186
0.569717	186
0.519236	186
0.553732	186
0.595077	186
0.327347	186
0.589614	186
0.574986	186
0.496603	186
0.344913	186
0.699326	186
0.621344	186
0.658632	186
0.656415	186
0.512937	186
0.749883	186
0.667141	186
0.603544	186
0.818943	71
0.548243	186
0.827467	71
0.490932	186
0.721143	186
0.839194	24
0.73146	186
0.790108	186
0.418709	186
0.556642	186
0.774173	186
0.583828	186
0.502899	186
0.392133	186
0.521991	186
0.730702	186
0.657756	186
0.567152	186
0.657204	186
0.517242	186
0.583052	186
0.809776	76
0.667094	186
0.678754	186
0.751076	186
0.690194	186
0.66088	186
0.676014	186
0.697711	186
0.574738	186
0.504154	186
0.611402	186
0.694612	186
0.526156	186
0.72016	-1
0.73371	186
0.702128	186
0.821847	40
0.717772	186
0.785065	186
0.625514	186
0.577396	186
0.591297	186
0.576497	186
0.592507	186
0.684437	186
0.598252	186
0.759137	186
0.348835	186
0.460872	186
0.562576	186
0.634286	186
0.869513	123
0.538946	186
0.643949	186
0.834123	186
0.740614	186
0.670373	186
0.60001	186
0.731483	186
0.481698	186
0.48644	186
0.694402	186
0.693483	186
0.692633	186
0.414862	186
0.547261	186
0.521232	186
0.483565	186
0.643037	186
0.672128	186
0.696782	186
0.61697	186
0.732144	186
0.786762	186
0.926524	186
0.603261	186
0.742409	186
0.442914	186
0.583985	186
0.968182	109
0.672141	186
0.77405	18
0.692821	186
0.530906	186
0.548604	186
0.712872	64
0.671685	186
0.662272	186
0.753235	186
0.75648	186
0.661361	186
0.725772	186
0.643956	186
0.679904	186
0.465472	186
0.752949	186
0.693791	186
0.755661	186
0.725806	186
0.711464	186
0.877203	108
0.823923	94
0.663123	186
0.672973	186
0.762126	186
0.820347	127
0.66296	186
0.773771	48
0.621441	186
0.694313	186
0.848478	127
0.80736	159
0.895158	147
0.807346	38
0.742288	186
0.809776	76
0.809776	76
0.725273	53
0.809213	26
0.85395	18
0.756368	186
0.692928	186
0.669841	186
0.59988	186
0.548476	186
0.691419	186
0.72913	186
0.870043	151
0.608722	186
0.479154	186
0.481234	186
0.633931	186
0.682319	186
0.539211	186
0.785885	125
0.731739	186
0.575317	186
0.582618	186
0.76752	11
0.782363	186
0.625226	186
0.637102	186
0.878571	18
0.720662	186
0.432898	186
0.626583	186
0.847479	186
0.435017	186
0.586301	186
0.613031	186
0.649713	186
0.522329	186
0.696054	186
0.697875	186
0.728396	186
0.711674	186
0.965855	186
0.691583	186
0.67207	186
0.468393	186
0.824541	186
0.861084	108
0.607555	186
0.642468	186
0.855505	18
0.861945	186
0.63814	186
0.658489	186
0.627359	186
0.809776	76
0.502621	186
0.787773	18
0.764418	186
0.703435	186
0.60043	186
0.583697	186
0.788268	186
0.658891	186
0.735899	186
0.683434	186
0.679935	186
0.673783	186
0.645946	186
0.57256	186
0.780963	154
0.564657	186
0.746185	186
0.704901	186
0.697955	186
0.633791	186
0.682899	186
0.826452	186
0.497286	186
0.494012	186
0.450173	186
0.569284	186
0.768271	88
0.856444	186
0.858839	171
0.834734	24
0.8884	53
0.647839	186
0.943322	76
0.598473	186
0.385562	186
0.539273	186
0.405223	186
0.637382	186
0.707698	186
0.632384	186
0.745951	186
0.557802	186
0.847315	64
0.63654	186
0.547276	186
0.544374	186
0.596362	186
0.731038	186
0.736122	186
0.736434	186
0.684563	186
0.567617	186
0.733809	186
0.759479	186
0.652902	186
0.658971	186
0.792255	186
0.76559	186
0.538161	-1
0.788143	186
0.734528	186
0.593223	186
0.581383	186
0.61296	186
0.618444	186
0.776923	18
0.553199	186
0.745631	186
0.922521	26
0.633384	186
0.483362	186
0.743244	179
0.555315	186
0.643726	186
0.598215	186
0.7511	113
0.638387	186
0.553487	186
0.632455	186
0.566469	186
0.857332	7
0.726511	186
0.449548	186
0.359914	186
0.533169	186
0.422622	186
0.764475	186
0.514217	186
0.555815	186
0.751242	186
0.415091	186
0.463432	186
0.868103	8
0.73907	7
0.862644	44
0.64201	186
0.625487	186
0.682701	186
0.800636	26
0.708476	154
0.465648	186
0.344278	186
0.903884	40
0.451846	186
0.456077	186
0.4068	186
0.398968	186
0.393696	186
0.584653	186
0.441082	186
0.592586	186
0.821847	-1
0.55725	186
0.494527	186
0.816982	171
0.603934	186
0.637691	186
0.586925	186
0.551822	186
0.872359	64
0.55478	186
0.509946	186
0.535722	186
0.631135	186
0.55445	-1
0.594116	186
0.350104	186
0.384429	186
0.663681	186
0.801505	3
0.637758	186
0.494093	186
0.458755	186
0.777329	76
0.823712	145
0.740839	171
0.533338	186
0.296549	-1
0.521595	186
0.580346	186
0.631189	186
0.248001	186
0.4427	186
0.751886	116
0.745777	172
0.789715	18
0.559919	186
0.536526	186
0.493246	186
0.575021	186
0.85752	88
0.732268	186
0.674653	186
0.496337	186
0.77422	186
0.61802	186
0.664848	186
0.412409	186
0.405094	186
0.705879	18
0.561476	186
0.594156	186
0.531628	186
0.617558	186
0.640811	186
0.769906	10
0.548563	186
0.577706	186
0.559157	186
0.834602	24
0.745542	18
0.766085	24
0.535597	186
0.842607	13
0.374562	186
0.593123	186
0.812892	186
0.503171	186
0.920063	18
0.479341	186
0.49963	186
0.314475	186
0.661238	186
0.62657	186
0.529123	186
0.493417	186
0.552289	186
0.751772	186
0.734615	186
0.584756	186
0.643766	186
0.643688	186
0.670004	186
0.606264	186
0.592686	186
0.703557	186
0.719173	186
0.640032	186
0.607496	186
0.299574	-1
0.431729	186
0.846356	18
0.610073	186
0.827205	18
0.526087	186
0.624686	186
0.663504	186
0.546574	186
0.440026	186
0.82328	186
0.777861	186
0.666574	186
0.636775	186
0.605957	186
0.613369	186
0.549199	186
0.508779	186
0.410668	186
0.420781	186
0.509628	186
0.568897	186
0.651356	186
0.587853	186
0.737655	186
0.649921	186
0.829613	186
0.654347	186
0.729499	186
0.502375	186
0.428234	186
0.79542	19
0.822893	171
0.693746	186
0.709568	186
0.584497	186
0.624895	186
0.651479	186
0.711267	186
0.637562	186
0.574013	186
0.488599	186
0.654191	186
0.548656	186
0.68066	186
0.770686	186
0.66558	186
0.882761	186
0.843799	-1
0.891054	-1
0.857332	186
0.706404	-1
0.694847	186
0.75639	186
0.728248	186
0.82897	186
0.806818	186
0.577203	186
0.818476	64
0.969116	70
0.315154	186
0.539977	186
0.562931	186
0.636779	186
0.512318	186
0.468524	186
0.552394	186
0.548206	186
0.474852	186
0.4679	186
0.633299	186
0.643929	-1
0.510212	186
0.517408	186
0.821847	186
0.429344	186
0.642238	186
0.768969	23
0.624582	186
0.549058	186
0.548282	186
0.569093	186
0.574912	186
0.617842	186
0.56067	186
0.575511	186
0.551886	-1
0.717382	116
0.790628	186
0.736874	186
0.559925	186
0.48899	186
0.768847	44
0.728308	186
0.642199	186
0.573627	186
0.839704	18
0.639033	186
0.516485	186
0.712989	186
0.402149	186
0.384606	186
0.379712	186
0.403189	186
0.456607	-1
0.59673	186
0.886445	-1
0.486508	186
0.55806	186
0.636656	186
0.919481	-1
0.403803	186
0.85204	53
0.462044	186
0.513309	186
0.728403	186
0.587368	186
0.422448	186
0.563987	186
0.775305	186
0.83866	19
0.757872	19
0.722686	186
0.588981	186
0.654547	-1
0.821346	186
0.766856	186
0.587795	186
0.496073	-1
0.744838	23
0.335173	186
0.67899	186
0.710772	186
0.783016	105
0.662676	186
0.539174	186
0.639355	186
0.931345	123
0.783143	18
0.87403	23
0.777002	186
0.7465	186
0.808363	107
0.64998	186
0.405943	186
0.561476	186
0.661877	-1
0.706656	186
0.626254	186
0.855879	186
0.715699	60
0.283015	186
0.66369	186
0.753914	19
0.579157	186
0.628305	186
0.812436	-1
0.589561	186
0.653016	186
0.430536	186
0.592907	186
0.536434	186
0.71483	186
0.775618	149
0.394592	186
0.383532	186
0.550477	186
0.520538	186
0.599833	186
0.881419	18
0.544629	186
0.595885	186
0.803714	-1
0.819347	18
0.566906	186
0.76337	62
0.709458	186
0.803396	18
0.782925	186
0.846407	-1
0.836	87
0.704588	186
0.568513	186
0.587856	186
0.557372	186
0.786931	-1
0.628844	186
0.564345	186
0.700999	186
0.474958	186
0.602274	186
0.596999	186
0.478488	186
0.521645	186
0.553075	186
0.539388	186
0.715268	186
0.80253	23
0.764882	87
0.474493	186
0.373348	186
0.528898	186
0.537991	186
0.654275	186
0.555995	186
0.640333	186
0.591646	186
0.733333	186
0.498099	186
0.498852	186
0.568103	186
0.630687	186
0.45098	186
0.721151	186
0.709825	186
0.48761	186
0.560765	-1
0.870914	-1
0.592793	186
0.488402	186
0.784265	186
0.725824	186
0.590943	186
0.506835	186
0.585558	186
0.633435	186
0.526188	186
0.618029	186
0.688902	186
0.655436	186
0.903078	18
0.908559	33
0.815294	186
0.608526	186
0.598768	186
0.812436	186
0.569927	186
0.654404	186
0.533699	186
0.576069	186
0.650389	186
0.815193	102
0.619194	186
0.535903	186
0.524585	186
0.424243	186
0.427957	186
0.727537	186
0.726698	186
0.555903	186
0.691136	186
0.644359	186
0.645069	186
0.824184	186
0.708418	186
0.765762	186
0.532243	186
0.515311	186
0.786525	186
0.559938	186
0.490793	186
0.614879	186
0.700645	186
0.832275	76
0.56442	186
0.73375	186
0.543034	186
0.52159	186
0.6385	186
0.725734	186
0.73619	186
0.320473	186
0.582554	186
0.694721	186
0.619771	186
0.531579	186
0.612498	186
0.608913	186
0.428172	186
0.486056	186
0.739215	186
0.838012	186
0.602106	186
0.507442	186
0.720271	186
0.624867	186
0.569326	186
0.563712	186
0.711183	186
0.688326	186
0.640639	186
0.556712	186
0.559563	186
0.544422	186
0.607803	-1
0.564479	186
0.862547	155
0.642785	186
0.394325	186
0.477624	186
0.485458	186
0.4044	186
0.564242	186
0.452461	186
0.702164	186
0.687927	186
0.668678	186
0.783208	186
0.592628	186
0.701286	186
0.539622	186
0.670732	186
0.656861	186
0.526862	186
0.517842	186
0.458428	186
0.613168	186
0.587131	186
0.575076	186
0.756166	186
0.685434	186
0.857711	186
0.3805	186
0.720614	186
0.721604	186
0.776502	186
0.905422	23
0.823759	186
0.833547	27
0.627568	186
0.51412	186
0.690613	186
0.729452	186
0.581437	186
0.686913	186
0.696376	186
0.536705	186
0.636396	186
0.551928	186
0.50755	186
0.443505	186
0.717171	186
0.61981	186
0.625474	186
0.636322	186
0.633957	186
0.59938	186
0.548564	186
0.602573	186
0.742746	186
0.520614	186
0.48567	186
0.58272	186
0.763501	186
0.358609	186
0.446163	186
0.520448	186
0.655186	186
0.554399	186
0.659913	186
0.593425	186
0.739178	186
0.609736	186
0.557208	186
0.54854	186
0.619191	186
0.411656	186
0.749706	186
0.579828	186
0.757052	186
0.589956	186
0.569213	186
0.600551	186
0.696743	186
0.700965	186
0.723289	155
0.678407	186
0.456031	186
0.648963	186
0.461965	186
0.641796	186
0.693986	186
0.668077	186
0.721524	186
0.632676	186
0.614761	186
0.87826	38
0.766993	186
0.637954	186
0.603171	186
0.588152	186
0.654884	186
0.743289	174
0.459505	186
0.712575	186
0.656808	186
0.721783	186
0.595035	186
0.658505	186
0.48259	186
0.737256	186
0.378822	186
0.54821	186
0.543986	186
0.316878	186
0.603778	186
0.570275	186
0.62043	186
0.422873	186
0.362539	186
0.574052	186
0.422873	186
0.362539	186
0.629753	186
0.79988	186
0.57254	186
0.445119	186
0.400894	186
0.453041	186
0.215597	186
0.525289	186
0.399796	186
0.573121	186
0.75255	186
0.685751	186
0.428649	186
0.566226	186
0.662241	186
0.584735	186
0.672641	186
0.680147	186
0.638849	186
0.519772	186
0.690011	186
0.742562	186
0.811503	186
0.584765	186
0.821451	186
0.863813	87
0.720899	186
0.732824	186
0.347918	186
0.414269	186
0.6478	186
0.564808	186
0.718857	186
0.714447	186
0.565309	186
0.417946	186
0.583078	186
0.436182	186
0.785977	38
0.433656	186
0.621472	186
0.678643	186
0.517333	186
0.688626	186
0.606854	186
0.67643	186
0.480677	186
0.588925	186
0.74189	186
0.593605	186
0.693194	186
0.7173	127
0.764979	186
0.827619	186
0.6478	186
0.388952	186
0.964706	186
0.705708	186
0.716483	27
0.833961	62
0.744308	186
0.806237	53
0.58842	186
0.622924	-1
0.873296	186
0.716963	186
0.854717	55
0.741782	186
0.2794	186
0.337834	186
0.514774	186
0.458222	186
0.594038	186
0.341931	186
0.458656	186
0.460759	186
0.714702	186
0.460839	186
0.715213	186
0.43224	186
0.728355	186
0.614637	186
0.560967	186
0.558583	186
0.45822	186
0.547156	186
0.676009	186
0.841049	16
0.657161	186
0.582428	186
0.390692	186
0.450352	186
0.535487	186
0.510783	186
0.540882	186
0.458991	186
0.451105	186
0.625748	186
0.740227	186
0.609234	186
0.736126	186
0.545167	186
0.654719	186
0.547496	186
0.614842	186
0.443069	186
0.632788	186
0.668199	186
0.659193	186
0.552671	186
0.447496	186
0.47035	186
0.627633	186
0.671659	186
0.710173	186
0.581309	186
0.661364	186
0.553586	186
0.510711	186
0.525153	186
0.470953	186
0.545433	186
0.660647	186
0.562253	186
0.710045	186
0.515487	186
0.475324	186
0.490128	186
0.518692	186
0.40126	186
0.616533	186
0.460067	186
0.750795	186
0.548113	186
0.77172	186
0.470862	186
0.466566	186
0.568871	186
0.562404	186
0.44747	186
0.779442	38
0.648989	186
0.54009	186
0.839014	18
0.516746	186
0.514567	186
0.698732	186
0.614944	186
0.649724	186
0.688262	186
0.553972	186
0.602909	186
0.640425	186
0.500684	186
0.500538	186
0.637537	186
0.487843	186
0.592253	186
0.520499	186
0.707954	122
0.469467	186
0.769564	-1
0.837843	62
0.654918	186
0.765672	186
0.539022	186
0.498368	186
0.580338	186
0.493731	186
0.55426	186
0.802917	171
0.388366	186
0.614619	186
0.538655	186
0.668832	186
0.685845	186
0.509127	186
0.691997	186
0.656907	186
0.541391	186
0.6352	186
0.462537	186
0.477932	186
0.48884	186
0.46298	186
0.573918	186
0.684273	186
0.448664	186
0.653871	186
0.842968	186
0.840107	186
0.530876	186
0.604275	186
0.651678	186
0.575533	186
0.636381	186
0.674632	186
0.878507	141
0.673268	186
0.790181	186
0.749442	186
0.663718	186
0.601148	186
0.390804	186
0.526467	186
0.637738	186
0.653535	186
0.748905	186
0.833929	8
0.708251	1
0.702045	186
0.837491	-1
0.762331	186
0.633806	186
0.511565	186
0.768677	62
0.610262	186
0.748806	165
0.583783	186
0.865169	109
0.909029	-1
0.571334	186
0.519668	186
0.5758	186
0.647543	186
0.57805	186
0.657739	186
0.588941	186
0.6172	186
0.571052	186
0.589557	186
0.763452	70
0.69003	186
0.797155	186
0.768072	186
0.845565	26
0.651159	186
0.501078	186
0.692203	186
0.701645	186
0.72002	186
0.721642	186
0.560736	186
0.585517	186
0.648059	186
0.650165	186
0.774975	186
0.646899	186
0.759155	186
0.664983	186
0.497661	186
0.554356	186
0.622954	186
0.657334	186
0.736232	184
0.452491	186
0.641883	186
0.595845	186
0.717311	127
0.605178	186
0.465226	186
0.818184	186
0.673754	186
0.757727	186
0.777481	186
0.586785	186
0.567236	186
0.568397	186
0.599234	186
0.644569	186
0.422372	186
0.647698	186
0.750056	70
0.381921	186
0.46674	186
0.547037	186
0.649909	186
0.577803	186
0.586867	186
0.603912	186
0.671497	186
0.553557	186
0.521596	186
0.610753	186
0.668899	186
0.704907	186
0.585874	186
0.493384	186
0.523325	186
0.516001	-1
0.505423	186
0.589456	-1
0.625078	-1
0.631244	186
0.857858	186
0.706481	186
0.734005	186
0.539878	186
0.719369	186
0.652904	186
0.676888	186
0.437737	186
0.553365	186
0.525184	186
0.529376	186
0.64613	186
0.667822	186
0.641844	186
0.707136	186
0.562747	186
0.77778	26
0.823899	127
0.781199	186
0.721748	186
0.818267	53
0.618276	186
0.769158	186
0.45915	186
0.709859	186
0.577687	186
0.694833	186
0.722296	186
0.654685	186
0.658633	186
0.626496	186
0.586547	186
0.464449	186
0.714061	76
0.561477	186
0.280382	-1
0.56658	186
0.565737	186
0.531341	186
0.666474	186
0.863138	186
0.548655	186
0.531464	186
0.594651	186
0.423459	186
0.686653	186
0.73752	18
0.587242	186
0.58797	186
0.73723	186
0.59739	186
0.573216	186
0.657861	186
0.541051	186
0.562733	186
0.687801	186
0.690109	186
0.7	18
0.557764	186
0.674922	186
0.795446	186
0.790566	136
0.492669	186
0.547084	186
0.693526	186
0.649232	186
0.774071	18
0.589377	186
0.648125	186
0.667718	186
0.701987	186
0.486832	186
0.617887	186
0.516369	186
0.480447	186
0.689364	186
0.856102	109
0.58743	186
0.448514	186
0.570038	186
0.470848	186
0.774709	186
0.652189	186
0.481729	186
0.639294	186
0.649333	186
0.464381	186
0.445974	186
0.617017	186
0.443542	186
0.578571	186
0.711648	186
0.471565	186
0.328951	186
0.6155	186
0.537576	186
0.607129	186
0.508071	186
0.649499	186
0.641578	186
0.41056	186
0.622685	186
0.759084	186
0.506163	186
0.828644	19
0.654991	186
0.537618	186
0.617053	186
0.564999	186
0.553053	186
0.6388	186
0.680586	186
0.790072	23
0.747584	158
0.554117	186
0.543188	186
0.685402	186
0.549598	186
0.588962	186
0.669764	186
0.518733	186
0.584874	186
0.559249	186
0.551854	186
0.590119	186
0.602222	186
0.616156	186
0.485202	186
0.68011	186
0.685076	186
0.702804	186
0.687909	186
0.556926	186
0.797127	186
0.632804	186
0.492254	186
0.664873	186
0.611436	186
0.602999	186
0.682334	186
0.582039	186
0.477298	186
0.575725	186
0.632753	186
0.886174	113
0.683505	186
0.554457	186
0.589913	186
0.610211	186
0.493392	-1
0.516001	-1
0.505423	186
0.589456	-1
0.625078	-1
0.55202	186
0.614219	186
0.531187	186
0.518983	186
0.821251	87
0.815846	172
0.590467	186
0.516999	186
0.600709	186
0.689359	186
0.556141	186
0.720828	84
0.740572	186
0.557231	186
0.575642	186
0.620243	186
0.53521	186
0.557176	186
0.781724	44
0.655644	186
0.736746	186
0.612192	186
0.576408	186
0.404933	186
0.405247	186
0.361674	186
0.615369	186
0.6228	186
0.358034	186
0.657894	186
0.492545	186
0.523148	186
0.47885	186
0.669711	186
0.571508	186
0.605183	186
0.526765	186
0.614035	186
0.702374	186
0.405278	186
0.539678	186
0.545304	186
0.651687	186
0.620344	186
0.556122	186
0.605405	186
0.442121	186
0.397271	186
0.477459	186
0.580923	186
0.585562	186
0.693189	186
0.569306	186
0.628337	186
0.615788	186
0.528827	186
0.55206	186
0.611256	186
0.451072	186
0.516297	186
0.512934	186
0.709198	186
0.51029	186
0.621728	186
0.491274	186
0.346258	186
0.440067	186
0.509349	186
0.55049	186
0.539268	186
0.553619	186
0.789726	186
0.751489	186
0.68645	186
0.740604	186
0.750127	186
0.615943	186
0.664224	186
0.513642	186
0.673012	186
0.581026	186
0.657085	186
0.81008	38
0.534274	186
0.733022	186
0.727972	186
0.664972	186
0.527257	186
0.414286	186
0.421111	186
0.701803	186
0.890209	186
0.707672	186
0.508478	186
0.633103	186
0.606562	186
0.727362	186
0.63183	186
0.621968	186
0.662095	186
0.738439	12
0.593854	186
0.677467	186
0.499615	186
0.499034	186
0.654866	186
0.589311	186
0.59081	186
0.786912	76
0.627319	186
0.413975	186
0.457346	186
0.544345	186
0.766296	186
0.718078	186
0.549775	186
0.570846	186
0.670171	186
0.624157	186
0.618678	186
0.552731	186
0.871886	64
0.620415	186
0.56429	186
0.758061	186
0.67052	186
0.463371	186
0.514041	186
0.521258	186
0.596162	186
0.666834	186
0.581523	186
0.599346	186
0.574378	186
0.762267	186
0.586459	186
0.660294	186
0.495873	186
0.553788	186
0.654905	186
0.373915	186
0.504268	186
0.504268	186
0.706797	186
0.532429	186
0.438503	186
0.603914	186
0.486003	186
0.605652	186
0.596465	186
0.599022	186
0.731266	44
0.574652	186
0.599221	186
0.541923	186
0.783293	23
0.493384	186
0.523325	186
0.668899	186
0.704907	186
0.585874	186
0.604319	186
0.612073	186
0.292112	186
0.430581	186
0.493607	186
0.688891	186
0.542205	186
0.526061	186
0.4975	186
0.546739	186
0.476442	186
0.587343	186
0.716431	186
0.588261	186
0.538373	186
0.669142	186
0.711171	186
0.651921	186
0.628542	186
0.6201	186
0.838754	186
0.733969	186
0.825297	186
0.824543	76
0.663362	186
0.471882	186
0.476997	186
0.545439	186
0.398372	186
0.743067	-1
0.752917	186
0.58258	186
0.446391	186
0.45707	186
0.527521	186
0.516291	186
0.519373	186
0.66144	186
0.66612	186
0.611308	186
0.59946	186
0.533462	186
0.676345	186
0.66767	186
0.489345	186
0.630639	186
0.56684	186
0.547423	186
0.673383	186
0.718915	186
0.420457	186
0.828689	30
0.587274	186
0.488777	186
0.741968	186
0.740314	186
0.829915	186
0.539352	186
0.405642	186
0.55781	186
0.465355	186
0.631335	186
0.769001	186
0.509607	186
0.61688	186
0.762994	186
0.571655	186
0.766137	3
0.714442	186
0.717117	186
0.707816	186
0.786684	186
0.626595	186
0.503878	186
0.663077	186
0.685864	186
0.74323	186
0.603586	186
0.629682	186
0.648116	186
0.664664	186
0.641753	186
0.607131	186
0.290033	186
0.732428	186
0.54122	186
0.793428	44
0.480584	186
0.51238	186
0.569541	186
0.541532	186
0.516619	186
0.489787	186
0.44798	186
0.498693	186
0.391214	186
0.447077	186
0.469041	186
0.59956	186
0.625965	186
0.491221	186
0.595541	186
0.572948	186
0.555587	186
0.566778	186
0.48744	186
0.703376	186
0.638443	186
0.380757	186
0.417509	186
0.497658	186
0.417509	186
0.555219	186
0.665362	186
0.500497	186
0.517151	186
0.67516	186
0.609217	186
0.555066	186
0.54508	186
0.563243	186
0.655826	186
0.629815	186
0.723809	186
0.672185	186
0.794979	16
0.734689	186
0.792738	171
0.545635	186
0.660765	186
0.609732	186
0.577997	186
0.604099	186
0.646929	186
0.71879	186
0.772453	186
0.79319	186
0.670153	186
0.668156	186
0.592698	186
0.623708	186
0.764367	71
0.580011	186
0.565214	186
0.7059	186
0.5836	186
0.573645	186
0.540864	186
0.547304	186
0.625597	186
0.545828	186
0.381417	186
0.378589	186
0.485651	186
0.470123	186
0.342136	186
0.371577	186
0.467552	186
0.531748	186
0.654463	186
0.782237	186
0.517155	186
0.640336	186
0.594583	186
0.367115	186
0.721972	186
0.733008	186
0.72914	18
0.576115	186
0.764898	186
0.560423	186
0.753545	186
0.560423	186
0.634168	186
0.68705	186
0.690826	186
0.612246	186
0.809731	127
0.566468	186
0.612548	186
0.657238	186
0.582265	186
0.655001	186
0.562049	186
0.465648	186
0.417177	186
0.732478	186
0.790818	10
0.605137	186
0.838138	171
0.436767	186
0.721693	186
0.638488	186
0.5899	186
0.799488	159
0.721557	186
0.728998	38
0.715645	186
0.808451	186
0.759056	186
0.686864	186
0.666546	186
0.45341	186
0.7794	186
0.618453	186
0.492272	186
0.620572	186
0.384984	186
0.544075	186
0.592636	186
0.339311	186
0.799986	186
0.815148	186
0.40005	186
0.631288	186
0.359275	186
0.660977	186
0.538131	186
0.641339	186
0.758477	186
0.530774	186
0.548851	186
0.615685	186
0.657041	186
0.58458	186
0.678552	186
0.706384	186
0.723569	186
0.764027	186
0.687657	186
0.66115	186
0.769636	186
0.651007	186
0.592728	186
0.730827	186
0.715083	127
0.595868	186
0.58844	186
0.610036	186
0.692503	186
0.610867	186
0.57038	186
0.576993	186
0.443729	186
0.505037	186
0.620378	186
0.587597	186
0.580293	186
0.536473	186
0.552431	186
0.50679	186
0.596671	186
0.668009	-1
0.639981	186
0.488935	186
0.478991	186
0.529337	186
0.460179	186
0.902708	186
0.598572	186
0.818932	117
0.671606	186
0.615622	186
0.705429	186
0.691213	-1
0.562889	186
0.641807	186
0.702868	186
0.47532	186
0.609262	186
0.570362	186
0.583809	186
0.486676	186
0.523485	186
0.340212	186
0.61249	186
0.642858	186
0.796206	-1
0.544584	186
0.5857	186
0.61643	186
0.479507	186
0.518916	186
0.547615	186
0.614219	186
0.531187	186
0.641531	186
0.518983	186
0.895739	76
0.553423	186
0.513251	186
0.593301	186
0.548592	186
0.458504	186
0.620352	186
0.486719	186
0.555847	186
0.551283	186
0.4989	186
0.60854	186
0.47724	186
0.634653	186
0.561961	186
0.651134	186
0.659971	186
0.52657	186
0.528799	186
0.636451	186
0.584413	186
0.41289	186
0.60595	186
0.674896	186
0.547398	186
0.631667	186
0.579326	186
0.65969	186
0.854327	127
0.657217	186
0.693844	186
0.556437	186
0.502462	186
0.767451	186
0.786762	186
0.744815	186
0.562949	186
0.583248	186
0.349934	186
0.457299	186
0.589085	186
0.582425	186
0.369683	186
0.46545	186
0.644271	186
0.519258	186
0.588983	186
0.656236	186
0.544681	186
0.429947	186
0.641666	186
0.674179	186
0.592685	186
0.603318	186
0.592634	186
0.804788	186
0.473966	186
0.424437	186
0.386003	186
0.844116	-1
0.386586	186
0.610953	186
0.677093	186
0.835481	186
0.404927	186
0.624241	186
0.831302	159
0.835858	186
0.762459	186
0.560386	186
0.572673	186
0.682614	186
0.595514	186
0.713401	186
0.56505	186
0.743225	186
0.583367	186
0.656271	186
0.681521	186
0.637041	186
0.645929	186
0.637526	186
0.599233	186
0.635975	186
0.491793	186
0.620152	186
0.578144	186
0.809658	-1
0.660707	186
0.647542	186
0.654325	-1
0.866473	55
0.679223	186
0.599598	186
0.783704	186
0.717135	116
0.508455	186
0.819146	186
0.566348	186
0.8688	109
0.661249	186
0.701249	186
0.743498	186
0.825321	186
0.830523	18
0.812662	186
0.385774	186
0.41669	186
0.510023	186
0.706373	186
0.818771	186
0.467045	186
0.561703	186
0.908413	147
0.621317	186
0.630575	186
0.535465	186
0.886229	154
0.589568	186
0.675676	186
0.57681	186
0.741525	186
0.892782	186
0.477691	186
0.651559	186
0.874745	186
0.818822	186
0.521847	186
0.409545	186
0.582915	186
0.855722	169
0.633375	186
0.702025	186
0.662282	186
0.704394	186
0.592205	186
0.501873	186
0.354917	186
0.668574	186
0.660966	186
0.760463	186
0.532159	186
0.7957	186
0.65562	186
0.757142	186
0.903272	109
0.735238	108
0.693222	186
0.788974	-1
0.64365	186
0.465548	186
0.459993	186
0.595596	186
0.671576	186
0.651597	186
0.620808	186
0.540461	186
0.484061	186
0.593447	186
0.719256	186
0.658491	186
0.611337	186
0.748738	18
0.724422	165
0.668812	186
0.595768	186
0.601383	186
0.823778	154
0.64618	186
0.513998	-1
0.591815	186
0.574488	186
0.575264	186
0.664883	186
0.750032	186
0.655938	186
0.898689	56
0.733691	186
0.888345	186
0.799902	186
0.590594	186
0.465096	186
0.762791	186
0.735417	186
0.436392	186
0.60786	186
0.846434	186
0.670443	186
0.689753	186
0.65255	186
0.659554	186
0.819086	186
0.558578	186
0.566115	186
0.665846	186
0.368902	186
0.617844	186
0.370048	186
0.774349	186
0.67274	186
0.740107	76
0.555072	186
0.689082	186
0.675214	186
0.769661	144
0.471427	-1
0.950139	87
0.737979	186
0.774228	186
0.779858	186
0.432077	186
0.634871	186
0.748315	186
0.818481	186
0.845274	186
0.650908	186
0.637496	186
0.559993	186
0.637296	186
0.797865	23
0.751613	186
0.955556	-1
0.525802	-1
0.590259	186
0.798198	186
0.83455	109
0.699568	186
0.723834	186
0.900423	-1
0.834646	186
0.775578	64
0.718349	186
0.724728	-1
0.870438	92
0.698428	-1
0.495621	186
0.418694	186
0.475941	186
0.83455	-1
0.975293	-1
0.597422	-1
0.69622	186
0.83213	186
0.819082	186
0.885642	116
0.638857	186
0.762896	186
0.894286	186
0.964044	-1
0.772868	96
0.832756	186
0.705674	186
0.850914	23
0.868182	186
0.890493	116
0.81614	-1
0.822357	186
0.573235	-1
0.869785	-1
0.722325	171
0.635418	186
0.63099	186
0.826859	186
0.484135	186
0.619601	186
0.719256	186
0.560936	186
0.526363	186
0.769945	186
0.712082	186
0.474127	186
0.436262	186
0.528726	186
0.59287	186
0.488451	186
0.497822	186
0.689698	186
0.895961	186
0.710303	-1
0.596891	-1
0.513341	-1
0.726259	53
0.549245	186
0.646575	186
0.839699	87
0.676886	186
0.90368	-1
0.803666	32
0.681461	186
0.773673	154
0.646296	186
0.562153	186
0.651763	186
0.509759	186
0.619307	186
0.782166	-1
0.657634	186
1	34
0.652382	186
0.704782	186
0.618679	186
0.908973	98
0.755206	186
0.766724	64
0.439421	186
0.617767	186
0.728898	1
0.797736	53
0.789346	-1
0.853611	-1
0.83134	18
0.696417	-1
0.538783	186
0.761632	186
0.867522	186
0.686841	186
0.717119	186
0.650123	186
0.538247	186
0.562394	186
0.819111	-1
0.744628	-1
0.79847	-1
0.939777	87
0.726615	186
0.633751	186
0.649298	186
0.798225	-1
0.582393	186
0.716619	159
0.547647	186
0.47132	186
0.474575	186
0.586622	186
0.985341	92
0.451353	186
0.556204	186
0.631498	186
0.524827	186
0.717971	186
0.698283	186
0.633836	186
0.626186	186
0.559326	186
0.477853	186
0.889449	144
0.630398	186
0.568052	186
0.784649	23
0.857172	186
0.624738	186
0.585724	186
0.578593	186
0.600895	186
0.744609	186
0.810914	186
0.603204	186
0.624665	186
0.670731	186
0.545421	186
0.632577	186
0.511806	186
0.748695	186
0.921066	151
0.791192	186
0.512321	186
0.679975	186
0.71841	116
0.639153	186
0.706938	186
0.432704	186
0.435759	186
0.612753	186
0.633072	186
0.491946	186
0.471057	186
0.547014	186
0.607331	186
0.654236	186
0.61759	186
0.617442	186
0.615352	186
0.490931	186
0.620305	186
0.717205	186
0.510595	186
0.495232	186
0.601363	186
0.719086	186
0.675587	186
0.826009	186
0.842255	23
0.481497	186
0.604885	186
0.611509	186
0.694122	186
0.733445	186
0.84609	186
0.804541	38
0.630416	186
0.694444	186
0.47082	186
0.617221	186
0.480779	186
0.641873	186
0.648361	186
0.66576	186
0.472012	186
0.918475	-1
0.6711	186
0.4784	-1
0.939148	16
0.414122	186
0.357914	186
0.365706	186
0.66543	186
0.656895	186
0.667663	186
0.586556	186
0.624006	186
0.506705	186
0.600714	186
0.47033	186
0.73773	186
0.758705	82
0.761244	186
0.729054	186
0.715905	1
0.700752	186
0.525708	186
0.478864	186
0.69258	186
0.734437	122
0.461735	186
0.638422	186
0.539733	186
0.46157	186
0.719828	186
0.588917	186
0.561945	186
0.652247	186
0.555532	186
0.807341	186
0.751619	186
0.685837	186
0.742182	186
0.453234	186
0.736886	186
0.560366	186
0.549492	186
0.572233	186
0.530067	186
0.420457	186
0.640077	186
0.890205	186
0.41704	186
0.703905	186
0.74408	186
0.540203	186
0.679904	186
0.513118	186
0.55225	186
0.631929	186
0.370749	186
0.701497	186
0.59918	186
0.37151	186
0.522724	186
0.836846	26
0.729688	186
0.739585	186
0.717041	186
0.601725	186
0.694659	186
0.599621	186
0.530696	186
0.63862	186
0.789578	27
0.603951	186
0.762967	186
0.471215	186
0.588638	186
0.655578	186
0.664863	186
0.48587	186
0.586643	186
0.650255	186
0.636144	186
0.525595	186
0.583304	186
0.63859	186
0.639152	186
0.498133	186
0.545196	186
0.649874	186
0.593646	186
0.609906	186
0.656029	186
0.72617	-1
0.566154	186
0.682929	186
0.426141	186
0.708035	186
0.748433	186
0.722899	8
0.430072	186
0.70324	44
0.690659	186
0.607909	186
0.699579	186
0.833478	127
0.811382	136
0.618142	186
0.563429	186
0.493517	186
0.66585	186
0.3831	186
0.628319	186
0.604322	186
0.646462	186
0.589743	186
0.629859	186
0.642583	186
0.596624	186
0.557182	186
0.738885	186
0.538696	186
0.69987	186
0.762923	186
0.491945	186
0.480422	186
0.686583	186
0.467197	186
0.631737	186
0.645359	186
0.670015	186
0.539878	186
0.647261	186
0.581859	186
0.799423	186
0.729233	18
0.608181	186
0.666231	186
0.701771	18
0.611406	186
0.55548	186
0.517807	186
0.528686	186
0.530577	186
0.419733	186
0.620964	186
0.640691	186
0.529118	186
0.387765	186
0.473988	186
0.569717	186
0.519236	186
0.553732	186
0.595077	186
0.699326	186
0.749883	186
0.603544	186
0.802448	95
0.818943	71
0.548243	186
0.827467	71
0.490932	186
0.721143	186
0.73146	186
0.790108	186
0.774173	186
0.502899	186
0.392133	186
0.521991	186
0.730702	186
0.567152	186
0.583052	186
0.751076	186
0.183752	186
0.690194	186
0.66088	186
0.676014	186
0.697711	186
0.694612	186
0.72016	-1
0.73371	186
0.766907	123
0.821847	40
0.717772	186
0.785065	186
0.577396	186
0.576497	186
0.684437	186
0.759137	186
0.348835	186
0.634286	186
0.538946	186
0.643949	186
0.834123	186
0.740614	186
0.670373	186
0.48644	186
0.693483	186
0.692633	186
0.521232	186
0.672128	186
0.696782	186
0.926524	186
0.442914	186
0.583985	186
0.968182	109
0.77405	18
0.648907	186
0.638714	186
0.530906	186
0.671685	186
0.662272	186
0.753235	186
0.465472	186
0.752949	186
0.693791	186
0.711464	186
0.672973	186
0.762126	186
0.694313	186
0.848478	127
0.742288	186
0.583065	186
0.548476	186
0.72913	186
0.608722	186
0.481234	186
0.732466	136
0.682319	186
0.539211	186
0.731739	186
0.575317	186
0.625226	186
0.720662	186
0.626583	186
0.847479	186
0.711674	186
0.691583	186
0.67207	186
0.607555	186
0.658489	186
0.627359	186
0.502621	186
0.764418	186
0.703435	186
0.60043	186
0.704901	186
0.497286	186
0.856444	186
0.647839	186
0.943322	76
0.385562	186
0.405223	186
0.637382	186
0.707698	186
0.632384	186
0.557802	186
0.847315	64
0.63654	186
0.684563	186
0.567617	186
0.652902	186
0.658971	186
0.792255	186
0.618444	186
0.553199	186
0.483362	186
0.743244	179
0.598215	186
0.7511	113
0.638387	186
0.566469	186
0.726511	186
0.533169	186
0.442456	186
0.514217	186
0.555815	186
0.585784	186
0.415091	186
0.463432	186
0.73907	7
0.64201	186
0.682701	186
0.903884	40
0.451846	186
0.50565	-1
0.393696	186
0.584653	186
0.441082	186
0.592586	186
0.821847	-1
0.494527	186
0.586925	186
0.551822	186
0.55478	186
0.535722	186
0.663681	186
0.533338	186
0.745777	172
0.789715	18
0.559919	186
0.536526	186
0.575021	186
0.496337	186
0.632535	186
0.712191	186
0.61802	186
0.405094	186
0.705879	18
0.561476	186
0.594156	186
0.531628	186
0.640811	186
0.769906	10
0.548563	186
0.577706	186
0.819049	26
0.559157	186
0.834602	24
0.745542	18
0.766085	24
0.593123	186
0.812892	186
0.503171	186
0.49963	186
0.314475	186
0.62657	186
0.493417	186
0.529536	186
0.734615	186
0.606264	186
0.646757	186
0.592686	186
0.719173	186
0.640032	186
0.607496	186
0.526087	186
0.624686	186
0.546574	186
0.440026	186
0.82328	186
0.458463	186
0.777861	186
0.605957	186
0.613369	186
0.549199	186
0.508779	186
0.410668	186
0.420781	186
0.509628	186
0.587853	186
0.737655	186
0.649921	186
0.829613	186
0.654347	186
0.729499	186
0.502375	186
0.421463	186
0.725932	-1
0.79542	19
0.822893	171
0.693746	186
0.709568	186
0.552242	186
0.637562	186
0.613473	186
0.634272	186
0.66558	186
0.882761	186
0.843799	-1
0.891054	-1
0.857332	186
0.706404	-1
0.694847	186
0.75639	186
0.728248	186
0.82897	186
0.806818	186
0.315154	186
0.969116	70
0.315154	186
0.539977	186
0.562931	186
0.636779	186
0.512318	186
0.426094	186
0.548206	186
0.613301	186
0.474852	186
0.4679	186
0.514888	186
0.510212	186
0.821847	186
0.642238	186
0.624582	186
0.617842	186
0.461814	186
0.56067	186
0.575511	186
0.551886	-1
0.543691	186
0.717382	116
0.48899	186
0.768847	44
0.604545	186
0.839704	18
0.639033	186
0.429408	186
0.402149	186
0.384606	186
0.379712	186
0.362635	186
0.491939	-1
0.446365	-1
0.470756	-1
0.456607	-1
0.753979	26
0.886445	-1
0.486508	186
0.55806	186
0.636656	186
0.919481	-1
0.403803	186
0.85204	53
0.462044	186
0.513309	186
0.587368	186
0.563987	186
0.468826	186
0.775305	186
0.757872	19
0.722686	186
0.588981	186
0.654547	-1
0.654547	-1
0.473136	-1
0.587795	186
0.496073	-1
0.609253	186
0.67899	186
0.62262	186
0.710772	186
0.783016	105
0.662676	186
0.552904	186
0.539174	186
0.639355	186
0.931345	123
0.777002	186
0.7465	186
0.808363	107
0.64998	186
0.561476	186
0.713779	107
0.706656	186
0.626254	186
0.855879	186
0.715699	60
0.678711	186
0.283015	186
0.753914	19
0.579157	186
0.439922	186
0.628305	186
0.564466	186
0.812436	-1
0.555592	186
0.653016	186
0.430536	186
0.592907	186
0.71483	186
0.775618	149
0.394592	186
0.383532	186
0.563965	-1
0.550477	186
0.520538	186
0.599833	186
0.544629	186
0.595885	186
0.566906	186
0.76337	62
0.425108	-1
0.554889	186
0.709458	186
0.782925	186
0.846407	-1
0.505945	186
0.765091	23
0.836	87
0.587856	186
0.557372	186
0.786931	-1
0.628844	186
0.602274	186
0.493694	-1
0.539388	186
0.715268	186
0.474493	186
0.373348	186
0.537991	186
0.654275	186
0.555995	186
0.733333	186
0.498099	186
0.568103	186
0.630687	186
0.45098	186
0.721151	186
0.709825	186
0.48761	186
0.278954	186
0.870914	-1
0.592793	186
0.784265	186
0.720552	27
