0.735431	11
0.738851	151
0.495505	186
0.523199	186
0.778433	25
0.792626	151
0.725842	151
0.744266	151
0.457625	186
0.475367	186
0.569157	186
0.519242	186
0.735099	10
0.636908	186
0.559983	186
0.575372	186
0.3541	186
0.784296	23
0.918467	-1
0.835307	76
0.739796	113
0.727204	33
0.727204	33
0.732561	113
0.68349	186
0.892237	109
0.819654	62
0.762052	112
0.73929	76
0.223755	186
0.755804	106
0.589247	186
0.590645	186
0.57833	186
0.661884	186
0.587246	186
0.583313	186
0.625857	186
0.683678	186
0.672498	186
0.630935	186
0.516452	186
0.520365	186
0.656539	186
0.55711	186
0.331449	186
0.738851	151
0.495505	186
0.523199	186
0.792626	151
0.725842	151
0.744266	151
0.457625	186
0.475367	186
0.569157	186
0.519242	186
0.735099	10
0.636908	186
0.559983	186
0.573308	186
0.3541	186
0.784296	23
0.918467	-1
0.835307	76
0.739796	113
0.727204	33
0.727204	33
0.732561	113
0.68349	186
0.892237	109
0.819654	62
0.762052	112
0.73929	76
0.223755	186
0.755804	106
0.589247	186
0.590645	186
0.57833	186
0.661884	186
0.587246	186
0.583313	186
0.625857	186
0.683678	186
0.672498	186
0.630935	186
0.516452	186
0.520365	186
0.656539	186
0.55711	186
0.331449	186
0.479965	186
0.595899	186
0.68701	186
0.603435	186
0.544298	186
0.592485	186
0.726632	186
0.823233	27
0.665021	186
0.725415	186
0.590943	186
0.683093	186
0.506835	186
0.585558	186
0.485206	186
0.633431	186
0.526188	186
0.60169	186
0.618339	186
0.689212	186
0.60959	186
0.617581	186
0.610489	186
0.661607	-1
0.723005	39
0.735805	76
0.704056	38
0.655431	186
0.517768	-1
0.509948	-1
0.903073	18
0.908555	33
0.815284	186
0.608522	186
0.598764	186
0.781602	113
0.812433	186
0.823085	116
0.607923	186
0.553934	186
0.709856	186
0.674991	186
0.700157	186
0.821196	186
0.885306	186
0.891696	33
0.663442	186
0.897579	18
0.747942	186
0.795676	18
0.569924	186
0.654401	186
0.533695	186
0.576069	186
0.755911	19
0.721806	144
0.699785	186
0.719544	186
0.558289	186
0.713545	186
0.670163	186
0.650385	186
0.497346	186
0.610699	186
0.608429	186
0.817718	186
0.779125	102
0.858912	186
0.747097	105
0.815184	102
0.564419	186
0.800732	154
0.465769	186
0.619192	186
0.497857	186
0.607381	186
0.67959	186
0.64268	186
0.635998	186
0.561337	186
0.520656	186
0.535903	186
0.524585	186
0.766135	23
0.424243	186
0.551621	186
0.743197	38
0.630765	186
0.684025	186
0.427957	186
0.709911	186
0.761224	76
0.747104	186
0.727537	186
0.675108	186
0.74907	165
0.327329	186
0.301446	186
0.52782	186
0.443621	186
0.564117	186
0.573964	186
0.750479	122
0.739233	39
0.726698	186
0.555898	186
0.691132	186
0.644359	186
0.787644	186
0.652852	186
0.653392	186
0.582718	186
0.595339	186
0.626819	186
0.645064	186
0.536334	186
0.618987	186
0.607637	186
0.549913	186
0.644303	186
0.82418	186
0.708414	186
0.687718	186
0.575358	186
0.765758	186
0.637757	186
0.53224	186
0.540859	186
0.706861	186
0.515311	186
0.798314	38
0.559938	186
0.612066	186
0.616816	186
0.614879	186
0.700642	186
0.391871	186
0.832275	76
0.446172	186
0.536505	186
0.619077	186
0.564417	186
0.733746	186
0.498331	186
0.550067	186
0.713423	27
0.631825	186
0.543028	186
0.495284	186
0.52159	186
0.6385	186
0.725734	186
0.832098	186
0.736188	186
0.332389	186
0.320473	186
0.532768	186
0.582554	186
0.855415	56
0.727439	12
0.694721	186
0.619768	186
0.531579	186
0.565144	186
0.491709	186
0.612498	186
0.608913	186
0.731632	116
0.712267	186
0.428172	186
0.711379	186
0.557711	186
0.622937	186
0.486925	186
0.486056	186
0.739215	186
0.723283	186
0.532181	186
0.838008	186
0.748438	56
0.602106	186
0.484609	186
0.420316	186
0.490246	186
0.507442	186
0.585192	186
0.753547	80
0.797964	38
0.732448	106
0.445783	186
0.685113	186
0.720271	186
0.624867	186
0.569326	186
0.563712	186
0.711183	186
0.688326	186
0.504768	186
0.492729	186
0.563709	186
0.640588	186
0.556708	186
0.559563	186
0.717356	8
0.792412	10
0.547137	186
0.61337	186
0.763593	112
0.808691	23
0.715478	186
0.583265	186
0.803062	8
0.566419	186
0.607717	-1
0.714728	186
0.505077	186
0.564479	186
0.823901	11
0.810619	71
0.862547	155
0.665516	186
0.642307	186
0.642785	186
0.465421	186
0.762202	48
0.51972	186
0.39414	186
0.422294	186
0.463847	186
0.47762	186
0.485453	186
0.4044	186
0.564239	186
0.612512	186
0.41897	186
0.83357	38
0.749805	186
0.452457	186
0.579186	186
0.702161	186
0.687927	186
0.653381	186
0.668674	186
0.783208	186
0.591583	186
0.672129	186
0.701283	186
0.539622	186
0.685283	186
0.616693	186
0.696764	186
0.770818	186
0.683601	186
0.666339	186
0.670729	186
0.656857	186
0.521914	186
0.644958	186
0.526858	186
0.515675	186
0.502827	186
0.578277	186
0.517842	186
0.619693	186
0.542313	186
0.778958	53
0.601143	186
0.458428	186
0.527623	186
0.566189	186
0.613165	186
0.587131	186
0.575073	186
0.574868	186
0.756163	186
0.750953	186
0.584381	186
0.618433	186
0.786796	38
0.710641	186
0.730848	56
0.68543	186
0.29636	186
0.857711	186
0.49779	186
0.285635	186
0.380497	186
0.720611	186
0.733464	186
0.778046	186
0.763158	53
0.735516	186
0.728086	186
0.59252	186
0.614985	186
0.791168	11
0.721604	186
0.776498	186
0.800165	11
0.905419	23
0.823759	186
0.900121	19
0.789507	127
0.833543	27
0.797439	64
0.627564	186
0.514117	186
0.489001	186
0.437783	186
0.494104	186
0.690609	186
0.572849	186
0.553355	186
0.45482	186
0.729449	186
0.581434	186
0.686856	186
0.696376	186
0.536701	186
0.636347	186
0.551925	186
0.468558	186
0.507492	186
0.443454	186
0.34491	186
0.716872	186
0.619806	186
0.636322	186
0.599796	186
0.740978	186
0.633908	186
0.59938	186
0.548515	186
0.562921	186
0.602569	186
0.778374	108
0.742746	186
0.52061	186
0.485667	186
0.582717	186
0.568414	186
0.626076	186
0.670244	186
0.763498	186
0.640325	186
0.760259	8
0.358609	186
0.602447	186
0.452041	186
0.446163	186
0.399053	186
0.753446	23
0.802413	38
0.708172	186
0.694086	186
0.520445	186
0.825763	8
0.784836	56
0.655186	186
0.786057	54
0.70189	186
0.760911	23
0.7639	186
0.554399	186
0.76057	96
0.696707	186
0.81475	38
0.659913	186
0.77019	23
0.790515	55
0.7058	186
0.593421	186
0.77336	38
0.739178	186
0.807399	64
0.609731	186
0.740169	23
0.769378	23
0.557208	186
0.724869	186
0.77137	159
0.490147	186
0.419334	186
0.408251	186
0.417966	186
0.477595	186
0.749834	186
0.6938	186
0.548537	186
0.619188	186
0.845573	38
0.795613	113
0.411656	186
0.749657	186
0.713315	186
0.468466	186
0.568047	186
0.746265	56
0.579763	186
0.570316	186
0.757047	186
0.589956	186
0.61579	186
0.547763	186
0.569213	186
0.622646	186
0.600539	186
0.768455	186
0.696739	186
0.778591	27
0.744713	56
0.626784	186
0.700962	186
0.678407	186
0.580321	186
0.727465	38
0.739344	70
0.499172	186
0.456031	186
0.648963	186
0.461965	186
0.49456	186
0.641796	186
0.693983	186
0.668077	186
0.812371	186
0.83305	186
0.721524	186
0.708234	186
0.750639	186
0.630295	186
0.632673	186
0.563312	186
0.614757	186
0.878254	38
0.832703	38
0.766993	186
0.66965	186
0.629981	186
0.637954	186
0.669538	186
0.813707	76
0.603168	186
0.588149	186
0.717588	80
0.654884	186
0.605207	186
0.444972	186
0.608267	186
0.743289	174
0.842396	18
0.808051	64
0.459501	186
0.614803	186
0.712572	186
0.663682	186
0.47511	186
0.521604	186
0.70061	186
0.656805	186
0.627916	186
0.648428	186
0.721435	186
0.595035	186
0.743473	186
0.719372	186
0.697666	186
0.764624	8
0.703898	23
0.707551	186
0.631402	186
0.788307	18
0.658505	186
0.48259	186
0.798839	38
0.737256	186
0.464452	186
0.381223	186
0.378822	186
0.669796	186
0.548206	186
0.543986	186
0.624138	186
0.648134	186
0.485776	186
0.523769	186
0.316878	186
0.603778	186
0.570271	186
0.620381	186
0.422812	186
0.362465	186
0.574048	186
0.422812	186
0.362465	186
0.659823	186
0.629753	186
0.79988	186
0.75225	23
0.624143	186
0.652495	186
0.572537	186
0.538811	186
0.505333	186
0.804033	95
0.356988	186
0.487847	186
0.445119	186
0.674455	186
0.550913	186
0.5965	186
0.528475	186
0.656376	186
0.513273	186
0.400894	186
0.538484	186
0.761497	165
0.817597	159
0.505844	186
0.46082	186
0.453039	186
0.567796	186
0.630711	186
0.792093	19
0.771535	19
0.582991	186
0.78078	27
0.791308	115
0.660018	186
0.676343	186
0.831923	159
0.395422	186
0.487127	186
0.638006	186
0.215597	186
0.525289	186
0.399796	186
0.625546	186
0.402383	186
0.438002	186
0.443482	186
0.573121	186
0.75255	186
0.685751	186
0.428649	186
0.553097	186
0.508021	186
0.566226	186
0.354149	186
0.48778	186
0.627099	186
0.611125	186
0.510611	186
0.662238	186
0.584735	186
0.672703	186
0.680147	186
0.638845	186
0.42518	186
0.378021	186
0.349982	186
0.519772	186
0.690011	186
0.51765	186
0.742562	186
0.811498	186
0.661476	186
0.58476	186
0.772763	159
0.599586	186
0.627078	186
0.604851	186
0.781258	107
0.821451	186
0.737671	40
0.863813	87
0.720899	186
0.732824	186
0.347918	186
0.414269	186
0.6478	186
0.506507	186
0.251812	186
0.565417	186
0.564808	186
0.622773	186
0.384384	186
0.392582	186
0.718762	186
0.71421	186
0.712882	56
0.466812	186
0.429004	186
0.615748	186
0.421758	186
0.750664	18
0.565309	186
0.575804	186
0.512112	186
0.477147	186
0.556921	186
0.417943	186
0.542356	186
0.700555	186
0.602749	186
0.669011	186
0.730126	11
0.547519	186
0.501215	186
0.49994	186
0.528251	186
0.583078	186
0.56589	186
0.611866	186
0.500522	186
0.486511	186
0.436182	186
0.639061	186
0.389017	186
0.446304	186
0.436965	186
0.451485	186
0.580127	186
0.785833	38
0.433656	186
0.492811	186
0.621472	186
0.579895	186
0.678639	186
0.417358	186
0.366848	186
0.559916	186
0.579093	186
0.462296	186
0.775141	13
0.711569	186
0.596162	186
0.72727	23
0.792386	13
0.394427	186
0.69676	186
0.517333	186
0.704801	186
0.808411	116
0.74183	116
0.657053	186
0.650836	186
0.688626	186
0.606848	186
0.544748	186
0.546787	186
0.829165	26
0.505044	186
0.746193	186
0.820259	76
0.732917	186
0.676426	186
0.662395	186
0.809755	76
0.480673	186
0.588838	186
0.713485	186
0.815992	186
0.728865	186
0.74189	186
0.39663	186
0.419157	186
0.553152	186
0.590978	186
0.805107	18
0.863506	18
0.447966	186
0.478489	186
0.593597	186
0.55211	186
0.595233	186
0.588912	186
0.543343	186
0.565363	186
0.44692	186
0.442732	186
0.474405	186
0.583264	186
0.693191	186
0.7173	127
0.734395	186
0.710957	186
0.496674	186
0.764979	186
0.827619	186
0.582096	186
0.477157	186
0.556512	186
0.6478	186
0.388952	186
0.654391	186
0.964706	186
0.292135	186
0.785007	115
0.705705	186
0.791199	186
0.773303	23
0.7395	151
0.833961	62
0.69381	186
0.717737	127
0.700135	186
0.782714	129
0.858065	27
0.676862	186
0.744308	186
0.783624	184
0.778227	184
0.806237	53
0.683079	186
0.732824	30
0.759395	55
0.58842	186
0.622921	-1
0.32013	-1
0.663216	-1
0.865243	33
0.361647	-1
0.608641	-1
0.873291	186
0.505212	186
0.763719	186
0.716897	186
0.832479	55
0.84405	33
0.460227	186
0.854717	55
0.466954	186
0.696608	186
0.809755	76
0.819079	55
0.74732	186
0.770964	186
0.675729	186
0.741782	186
0.279394	186
0.528146	186
0.337625	186
0.51477	186
0.501604	186
0.561273	186
0.430669	186
0.761012	186
0.458222	186
0.594033	186
0.341723	186
0.458656	186
0.601524	186
0.573681	186
0.460759	186
0.714702	186
0.460836	186
0.693481	186
0.600739	186
0.617451	186
0.715209	186
0.557946	186
0.725884	19
0.70903	44
0.795846	115
0.471794	186
0.43224	186
0.728352	186
0.650207	186
0.60037	186
0.753449	155
0.614634	186
0.560967	186
0.529685	186
0.674523	186
0.883064	23
0.522221	186
0.626516	186
0.652348	186
0.590202	186
0.558398	186
0.492773	186
0.548657	186
0.458036	186
0.693904	186
0.633824	186
0.934433	5
0.547156	186
0.447445	186
0.675801	186
0.72771	186
0.69679	186
0.801205	186
0.841046	16
0.684071	186
0.657159	186
0.589963	186
0.462158	186
0.45293	186
0.582428	186
0.390692	186
0.450352	186
0.707714	186
0.781381	76
0.758802	186
0.535487	186
0.510779	186
0.540879	186
0.613616	186
0.332162	186
0.743294	12
0.869757	186
0.580163	186
0.537362	186
0.45861	186
0.451101	186
0.625744	186
0.486725	186
0.740227	186
0.644991	186
0.609234	186
0.736123	186
0.82106	186
0.306558	186
0.314661	186
0.603687	186
0.552715	186
0.545163	186
0.654715	186
0.547496	186
0.533582	186
0.383664	186
0.377465	186
0.71932	186
0.500753	186
0.614842	186
0.696945	186
0.594087	186
0.70205	186
0.465094	186
0.449885	186
0.443064	186
0.789143	58
0.519307	186
0.632788	186
0.668199	186
0.525487	186
0.67149	186
0.740769	186
0.650649	186
0.622701	186
0.662113	186
0.717644	186
0.659189	186
0.59569	186
0.536571	186
0.483704	186
0.383722	186
0.552667	186
0.853574	11
0.764738	5
0.627316	186
0.548508	186
0.749696	186
0.447496	186
0.47035	186
0.627633	186
0.519549	186
0.671655	186
0.661981	186
0.701283	186
0.552917	186
0.610599	186
0.710173	186
0.581307	186
0.783083	186
0.767327	151
0.735394	159
0.661364	186
0.400208	186
0.568653	186
0.553586	186
0.510711	186
0.510303	186
0.650633	186
0.590606	186
0.561627	186
0.478981	186
0.480152	186
0.833435	8
0.527405	186
0.397864	186
0.747618	186
0.561791	186
0.535298	186
0.525153	186
0.545913	186
0.512277	186
0.470949	186
0.54529	186
0.660647	186
0.562109	186
0.58195	186
0.529127	186
0.710045	186
0.595937	186
0.480096	186
0.753254	19
0.515548	186
0.513387	186
0.746061	23
0.663701	186
0.781469	18
0.789572	33
0.47532	186
0.490128	186
0.293163	186
0.518456	186
0.40126	186
0.528192	186
0.618791	186
0.512373	186
0.779265	95
0.61653	186
0.405019	186
0.460067	186
0.750795	186
0.548113	186
0.316345	186
0.771716	186
0.544906	186
0.344528	186
0.428959	186
0.470862	186
0.37249	186
0.500491	186
0.575061	186
0.487625	186
0.466566	186
0.568871	186
0.697564	186
0.562404	186
0.726856	186
0.44747	186
0.779442	38
0.648986	186
0.769352	-1
0.540087	186
0.839008	18
0.516743	186
0.732001	159
0.569027	186
0.514567	186
0.698732	186
0.503223	186
0.614944	186
0.64972	186
0.688262	186
0.782964	11
0.767165	18
0.28562	186
0.615716	186
0.715009	13
0.545066	186
0.660006	-1
0.653114	186
0.563464	186
0.825505	11
0.346732	186
0.553966	186
0.708521	8
0.665521	186
0.705693	186
0.476422	186
0.602905	186
0.640425	186
0.663422	186
0.500684	186
0.396272	186
0.753746	116
0.500538	186
0.451038	186
0.637078	186
0.48784	186
0.592044	186
0.448745	186
0.78245	26
0.657159	186
0.52056	186
0.78596	26
0.271755	186
0.707954	122
0.528419	186
0.707898	19
0.469467	186
0.649273	186
0.638797	186
0.769564	-1
0.837843	62
0.408256	186
0.545952	186
0.550321	186
0.659821	186
0.654918	186
0.880981	23
0.765406	186
0.473908	186
0.539075	186
0.484664	186
0.46776	186
0.458424	186
0.498368	186
0.580289	186
0.493731	186
0.55426	186
0.789091	58
0.816679	114
0.546683	186
0.802917	171
0.656449	186
0.388363	186
0.380106	186
0.315916	186
0.614678	186
0.706944	84
0.523643	186
0.538655	186
0.783768	2
0.78874	114
0.668832	186
0.463485	186
0.512099	186
0.685842	186
0.508473	186
0.816529	5
0.785975	72
0.509127	186
0.691997	186
0.53762	186
0.500697	186
0.656907	186
0.52352	186
0.522291	186
0.514377	186
0.541391	186
0.473346	186
0.760788	159
0.412711	186
0.442588	186
0.6352	186
0.462314	186
0.583091	186
0.465196	186
0.477997	186
0.696215	186
0.528652	186
0.457911	186
0.645405	186
0.571627	186
0.596462	186
0.48884	186
0.462977	186
0.573918	186
0.552102	186
0.684273	186
0.545262	186
0.520117	186
0.448661	186
0.662231	186
0.754374	1
0.778943	8
0.77158	140
0.738993	114
0.730581	18
0.653871	186
0.827414	128
0.842965	186
0.783878	143
0.795632	159
0.602052	186
0.55951	186
0.750748	19
0.840103	186
0.443662	186
0.541917	186
0.47975	186
0.62856	186
0.655767	186
0.530876	186
0.604011	186
0.779213	19
0.596516	186
0.705194	186
0.727024	186
0.645087	186
0.669377	186
0.686107	-1
0.564519	186
0.514387	186
0.603974	186
0.685646	186
0.509271	186
0.651675	186
0.6362	186
0.43821	186
0.575533	186
0.635999	186
0.674632	186
0.878504	141
0.673266	186
0.731524	5
0.731262	151
0.790181	186
0.469623	186
0.797542	9
0.755395	184
0.761645	151
0.598522	186
0.597215	186
0.712054	116
0.792701	186
0.62024	186
0.736751	159
0.536689	186
0.584467	186
0.681851	186
0.749439	186
0.541189	186
0.553829	186
0.755801	56
0.733232	116
0.663434	186
0.601148	186
0.559313	186
0.449093	186
0.419145	186
0.412773	186
0.423281	186
0.3908	186
0.63648	186
0.432885	186
0.594413	186
0.43304	186
0.617584	186
0.620241	186
0.633547	186
0.600277	186
0.526467	186
0.518474	186
0.683519	186
0.691358	186
0.547098	186
0.638805	186
0.729226	10
0.755233	-1
0.637738	186
0.656635	186
0.804383	104
0.835731	19
0.536114	186
0.653535	186
0.822341	151
0.712942	186
0.747693	186
0.595146	186
0.535016	-1
0.57829	186
0.776142	186
0.564315	186
0.701803	186
0.781799	95
0.833929	8
0.85473	176
0.889863	114
0.618071	186
0.79241	184
0.790626	16
0.843604	71
0.836191	88
0.574024	186
0.769953	178
0.564596	186
0.332951	186
0.708246	1
0.82277	102
0.667793	186
0.834536	171
0.785697	11
0.559818	186
0.702045	186
0.731535	186
0.836319	23
0.780245	23
0.714186	186
0.620758	186
0.602494	186
0.837488	-1
0.465688	186
0.727916	117
0.711841	186
0.762328	186
0.496855	186
0.608029	186
0.633723	186
0.417026	186
0.483678	186
0.511565	186
0.768677	62
0.821366	23
0.615389	186
0.610262	186
0.618377	186
0.363952	186
0.829385	87
0.748622	165
0.552669	186
0.574597	186
0.583779	186
0.865169	109
0.811575	151
0.728609	186
0.77579	38
0.735657	186
0.909024	-1
0.28342	186
0.541168	186
0.52865	186
0.641242	186
0.570122	186
0.518149	186
0.524282	186
0.449026	186
0.463926	186
0.575794	186
0.47476	-1
0.582763	-1
0.647543	186
0.635626	186
0.339042	186
0.575625	186
0.810666	19
0.590538	186
0.673755	186
0.523967	186
0.826924	18
0.829653	186
0.577459	186
0.414701	186
0.711912	186
0.770701	1
0.681175	186
0.591363	186
0.817674	24
0.79757	8
0.751816	24
0.783184	71
0.356047	186
0.503304	186
0.600372	186
0.657739	186
0.605522	186
0.716536	186
0.553237	186
0.588941	186
0.61696	186
0.760953	186
0.690147	186
0.470822	186
0.659635	186
0.571048	186
0.529357	186
0.550119	186
0.589557	186
0.472449	186
0.455232	186
0.796341	76
0.63803	186
0.763452	70
0.774609	-1
0.811881	-1
0.790438	26
0.803954	26
0.728656	186
0.690027	186
0.695473	186
0.540119	186
0.793515	186
0.797152	186
0.768072	186
0.822554	26
0.505692	186
0.845639	26
0.651221	186
0.501075	186
0.692265	186
0.701707	186
0.720017	186
0.618003	186
0.721637	186
0.619978	186
0.456146	186
0.651473	186
0.627551	186
0.77653	26
0.633547	186
0.732966	186
0.807194	26
0.855456	55
0.802471	26
0.580835	186
0.861216	84
0.560736	186
0.591692	186
0.585517	186
0.634217	186
0.50384	186
0.648059	186
0.661872	186
0.61311	186
0.622082	186
0.650165	186
0.675558	186
0.698211	186
0.774973	186
0.639634	186
0.623856	186
0.646896	186
0.578887	186
0.759151	186
0.66498	186
0.532113	186
0.556536	186
0.778594	38
0.726216	186
0.748137	186
0.429054	186
0.497723	186
0.525295	186
0.440741	186
0.474791	186
0.507445	186
0.3933	186
0.500709	186
0.554352	186
0.84502	26
0.85201	26
0.756538	44
0.622954	186
0.684571	186
0.657334	186
0.698232	186
0.736232	184
0.75767	36
0.806489	16
0.358929	186
0.452491	186
0.641883	186
0.595841	186
0.716921	186
0.654579	186
0.42914	186
0.747276	186
0.605178	186
0.46535	186
0.474814	186
0.626474	186
0.61164	186
0.708314	76
0.542723	186
0.572221	186
0.741929	186
0.696237	186
0.818181	186
0.673746	186
0.757789	186
0.738489	26
0.758025	107
0.732827	26
0.821843	18
0.777478	186
0.77221	26
0.770403	26
0.815192	186
0.402432	186
0.586785	186
0.567236	186
0.645923	186
0.568397	186
0.522829	186
0.599234	186
0.644569	186
0.494921	186
0.365835	186
0.361884	186
0.422372	186
0.755823	89
0.755874	1
0.447083	-1
0.622956	186
0.553488	186
0.547302	186
0.802149	125
0.660629	186
0.647693	186
0.794989	127
0.685031	186
0.750056	70
0.695076	186
0.600717	186
0.706315	186
0.79396	186
0.782578	186
0.714985	186
0.835471	186
0.739084	186
0.381921	186
0.681737	186
0.465138	186
0.487961	186
0.46674	186
0.47409	186
0.543109	186
0.5593	186
0.547033	186
0.625539	186
0.630571	186
0.505415	186
0.502377	186
0.432024	186
0.416247	186
0.649909	186
0.496266	186
0.529765	186
0.888241	147
0.577803	186
0.586867	186
0.511586	186
0.603909	186
0.440603	186
0.708098	186
0.579724	186
0.714888	186
0.592522	186
0.512912	186
0.553557	186
0.521596	186
0.610753	186
0.668895	186
0.704904	186
0.585273	186
0.493381	186
0.523322	186
0.493392	-1
0.515997	-1
0.505423	186
0.589452	-1
0.597652	-1
0.625074	-1
0.746693	186
0.630836	186
0.41243	186
0.510092	186
0.857854	186
0.526863	186
0.736354	111
0.735881	186
0.744519	186
0.706481	186
0.744713	26
0.533661	186
0.734005	186
0.53994	186
0.565054	186
0.620576	186
0.711537	140
0.874243	13
0.719369	186
0.542596	186
0.652904	186
0.714437	186
0.481934	186
0.52908	186
0.667784	186
0.841286	87
0.784791	186
0.809755	76
0.768718	23
0.749725	26
0.723921	186
0.521788	186
0.780182	140
0.770448	26
0.613517	186
0.427887	186
0.720784	186
0.540074	186
0.60453	186
0.677034	186
0.651366	186
0.82249	186
0.787788	114
0.74977	1
0.589286	186
0.414119	186
0.488542	186
0.599003	186
0.676888	186
0.539769	186
0.437737	186
0.553365	186
0.525184	186
0.529376	186
0.676962	186
0.64613	186
0.667822	186
0.595792	186
0.711022	186
0.641844	186
0.70314	186
0.746416	155
0.671575	186
0.707136	186
0.816992	155
0.684994	186
0.556614	186
0.521972	186
0.729337	12
0.555569	186
0.783898	26
0.533437	186
0.597798	186
0.579442	186
0.692985	-1
0.562747	186
0.805831	2
0.760827	23
0.626511	186
0.603177	186
0.623506	186
0.631619	186
0.777777	26
0.609299	186
0.59103	186
0.75889	53
0.823899	127
0.749608	186
0.761546	117
0.781199	186
0.660047	186
0.599832	186
0.74704	84
0.380889	186
0.831872	165
0.849474	23
0.655732	186
0.721743	186
0.829346	109
0.818267	53
0.758929	186
0.672035	186
0.594623	186
0.621576	186
0.489276	186
0.70559	186
0.618273	186
0.769154	186
0.746195	23
0.459148	186
0.551952	186
0.72806	186
0.487384	186
0.709856	186
0.731165	155
0.655844	186
0.577683	186
0.67031	186
0.81584	27
0.75304	18
0.633047	186
0.634749	186
0.772674	12
0.617402	186
0.863258	-1
0.800121	186
0.69483	186
0.585279	186
0.517161	186
0.801729	26
0.62008	186
0.670058	186
0.747713	186
0.794895	87
0.810552	10
0.722296	186
0.814307	151
0.496171	186
0.714593	186
0.573796	186
0.654685	186
0.632923	186
0.658224	186
0.626493	186
0.711436	186
0.759991	26
0.548937	186
0.771204	23
0.740857	186
0.717947	108
0.786848	12
0.586547	186
0.464449	186
0.90112	12
0.587325	186
0.554157	186
0.714061	76
0.698354	186
0.578143	186
0.664046	186
0.843683	26
0.630512	186
0.60247	186
0.633561	186
0.610638	186
0.85293	18
0.561473	186
0.797139	26
0.280382	-1
0.67485	186
0.56658	186
0.755627	186
0.723611	186
0.807874	26
0.822131	26
0.565737	186
0.531403	186
0.505703	186
0.666474	186
0.54775	186
0.570887	186
0.710505	38
0.863136	186
0.548655	186
0.614435	186
0.531464	186
0.777644	186
0.65566	186
0.594651	186
0.793538	186
0.423459	186
0.686653	186
0.520751	186
0.587242	186
0.58797	186
0.770113	186
0.723187	186
0.73723	186
0.69379	186
0.711516	186
0.729208	186
0.743549	27
0.597388	186
0.573216	186
0.693883	186
0.758796	38
0.783994	27
0.789414	27
0.626235	186
0.659376	186
0.657856	186
0.547672	186
0.545432	186
0.664238	186
0.733632	186
0.784959	18
0.540867	186
0.562728	186
0.687799	186
0.690002	186
0.7	18
0.55776	186
0.674919	186
0.795446	186
0.790566	136
0.681017	186
0.492669	186
0.534347	186
0.620164	186
0.547084	186
0.647621	186
0.599613	186
0.333754	186
0.693521	186
0.505184	186
0.679117	186
0.648091	186
0.649232	186
0.685707	186
0.716443	64
0.568467	186
0.763836	140
0.675843	186
0.561548	186
0.559401	186
0.589373	186
0.643154	186
0.669885	186
0.627688	186
0.395554	186
0.536904	186
0.648125	186
0.667718	186
0.594867	186
0.573002	186
0.669865	186
0.486832	186
0.618197	186
0.830859	127
0.572985	186
0.617887	186
0.516365	186
0.580805	186
0.623466	186
0.523228	186
0.480444	186
0.516827	186
0.488868	186
0.616805	186
0.600868	186
0.689364	186
0.856098	109
0.454289	186
0.565486	186
0.587427	186
0.437463	186
0.641686	186
0.615264	186
0.553986	186
0.448514	186
0.393035	186
0.570035	186
0.470844	186
0.548409	186
0.58229	186
0.658029	186
0.731493	149
0.644922	186
0.805973	127
0.797469	19
0.552981	186
0.561917	186
0.562738	186
0.749149	76
0.312178	186
0.679164	186
0.774705	186
0.710605	71
0.523278	186
0.551485	186
0.481723	186
0.586254	186
0.674433	186
0.423037	186
0.727839	186
0.538174	186
0.63929	186
0.64933	186
0.464381	186
0.445971	186
0.768315	33
0.568934	186
0.807565	23
0.665758	186
0.764998	186
0.617014	186
0.639607	186
0.734361	186
0.537119	186
0.443542	186
0.578571	186
0.711648	186
0.471565	186
0.748817	53
0.66186	186
0.328947	186
0.457751	186
0.6155	186
0.537576	186
0.366053	186
0.56528	186
0.653182	186
0.890767	26
0.606748	186
0.705584	186
0.662767	186
0.508067	186
0.414633	186
0.498396	186
0.649499	186
0.417959	186
0.401729	186
0.464136	186
0.814201	26
0.566948	186
0.682723	186
0.641578	186
0.616119	186
0.415517	186
0.760565	107
0.410556	186
0.730042	186
0.743237	186
0.676805	186
0.62268	186
0.525623	186
0.75908	186
0.563717	186
0.506163	186
0.789135	94
0.828644	19
0.725657	19
0.488006	186
0.654908	186
0.717729	186
0.545669	186
0.525577	186
0.568449	186
0.537618	186
0.677968	186
0.611199	186
0.664139	186
0.647307	186
0.6188	186
0.605948	186
0.617053	186
0.476734	186
0.564999	186
0.675707	186
0.553053	186
0.6388	186
0.619169	186
0.680583	186
0.642315	186
0.537063	186
0.418091	186
0.589333	186
0.790068	23
0.747581	158
0.554114	186
0.681728	186
0.635545	186
0.555488	186
0.543188	186
0.685402	186
0.549029	186
0.687634	186
0.651677	186
0.571336	186
0.428124	186
0.571462	186
0.675324	186
0.669182	186
0.57377	186
0.588959	186
0.614893	186
0.576208	186
0.675038	186
0.669757	186
0.525062	186
0.51855	186
0.58487	186
0.559246	186
0.564726	186
0.718795	186
0.53313	186
0.551854	186
0.590116	186
0.602283	186
0.616156	186
0.485199	186
0.68011	186
0.528497	186
0.497927	186
0.685073	186
0.753637	165
0.702801	186
0.443707	186
0.531582	186
0.556926	186
0.691139	186
0.659275	186
0.797123	186
0.688933	186
0.671564	186
0.632866	186
0.492316	186
0.664869	186
0.611495	186
0.602995	186
0.682331	186
0.790676	33
0.523385	186
0.641326	186
0.582039	186
0.511724	186
0.477298	186
0.575721	186
0.63275	186
0.886174	113
0.683505	186
0.554457	186
0.589975	186
0.610211	186
0.493392	-1
0.515997	-1
0.505423	186
0.589452	-1
0.597652	-1
0.625074	-1
0.552017	186
0.575236	186
0.647597	186
0.643963	186
0.70626	146
0.614273	186
0.531187	186
0.61553	186
0.641528	186
0.51898	186
0.534508	186
0.885861	18
0.847584	151
0.821251	87
0.767099	44
0.828028	151
0.752075	55
0.778219	35
0.783838	18
0.815846	172
0.56533	186
0.63108	186
0.590467	186
0.85943	10
0.716363	96
0.516999	186
0.623944	186
0.600709	186
0.745326	186
0.555678	186
0.666451	186
0.575013	186
0.711289	186
0.57376	186
0.721922	186
0.689354	186
0.830534	186
0.556141	186
0.549108	186
0.606763	186
0.761657	94
0.78696	127
0.774585	24
0.641286	186
0.527398	186
0.556633	186
0.720824	84
0.750227	24
0.709848	186
0.740569	186
0.849888	171
0.465164	186
0.557231	186
0.329108	186
0.47065	186
0.487005	186
0.61523	186
0.625678	186
0.678582	186
0.592584	186
0.621209	186
0.41959	186
0.420906	186
0.36178	186
0.513875	186
0.575639	186
0.670561	186
0.530969	186
0.52811	186
0.52632	186
0.622652	186
0.390976	186
0.455341	186
0.427679	186
0.65737	186
0.733601	186
0.141911	186
0.503516	186
0.419267	186
0.503851	186
0.620243	186
0.53521	186
0.550722	186
0.557172	186
0.575601	186
0.781721	44
0.656712	186
0.601065	186
0.623753	186
0.872751	27
0.685737	186
0.882967	179
0.655644	186
0.660054	186
0.628952	186
0.736746	186
0.754479	186
0.472407	186
0.612192	186
0.529574	186
0.57009	186
0.520298	186
0.72686	186
0.728794	186
0.589652	186
0.66465	186
0.674304	186
0.772339	122
0.576467	186
0.550781	186
0.728703	186
0.832319	72
0.372136	186
0.40493	186
0.405247	186
0.361674	186
0.615366	186
0.6128	186
0.35803	186
0.657894	186
0.807593	26
0.492545	186
0.736955	28
0.523145	186
0.478847	186
0.709078	186
0.716128	186
0.669711	186
0.571508	186
0.605183	186
0.738733	186
0.547112	186
0.630071	186
0.780616	182
0.7507	171
0.526761	186
0.614035	186
0.583302	186
0.57509	186
0.702374	186
0.467353	186
0.653701	186
0.480759	186
0.421399	186
0.513826	186
0.548971	186
0.589315	186
0.611649	186
0.521722	186
0.799451	62
0.758386	186
0.588217	186
0.405275	186
0.322535	186
0.549951	186
0.595124	186
0.618238	186
0.539673	186
0.677195	186
0.562337	186
0.597512	186
0.616797	186
0.545304	186
0.651525	186
0.620201	186
0.786575	159
0.692897	186
0.421299	186
0.623121	186
0.556122	186
0.527547	186
0.596528	186
0.756927	186
0.675664	186
0.605405	186
0.442121	186
0.397266	186
0.477455	186
0.615561	186
0.59988	186
0.58098	186
0.588167	186
0.606688	186
0.585562	186
0.693186	186
0.574378	186
0.594975	186
0.569302	186
0.428228	186
0.472534	186
0.674082	186
0.632676	186
0.628337	186
0.615788	186
0.528889	186
0.743169	186
0.797567	141
0.552057	186
0.611256	186
0.635184	186
0.451072	186
0.576222	186
0.516359	186
0.512996	186
0.70926	186
0.596638	186
0.510374	186
0.621724	186
0.553025	186
0.49113	186
0.475491	186
0.391043	186
0.346255	186
0.439921	186
0.415215	186
0.441811	186
0.443158	186
0.509205	186
0.585815	186
0.663439	186
0.723696	27
0.507221	186
0.619889	186
0.543454	186
0.55049	186
0.645667	186
0.536491	186
0.46562	186
0.539268	186
0.553616	186
0.387879	186
0.420694	186
0.789726	186
0.751489	186
0.768801	18
0.686447	186
0.7406	186
0.708444	18
0.655	186
0.750127	186
0.656247	186
0.673569	186
0.809084	165
0.740826	71
0.550923	186
0.632919	-1
0.60764	186
0.615939	186
0.769372	27
0.755048	18
0.778831	186
0.664224	186
0.678556	186
0.806851	55
0.513642	186
0.673007	186
0.73126	55
0.449083	186
0.483623	186
0.581026	186
0.657085	186
0.575799	-1
0.615272	186
0.686951	186
0.670224	186
0.801842	23
0.81008	38
0.657367	186
0.534274	186
0.536142	186
0.733022	186
0.727972	186
0.81797	186
0.664972	186
0.557926	186
0.574974	186
0.527254	186
0.414286	186
0.661421	186
0.593929	186
0.760683	186
0.809755	76
0.461068	186
0.421107	186
0.703029	186
0.701799	186
0.783892	23
0.7647	18
0.485875	186
0.506583	186
0.803828	23
0.890205	186
0.707669	186
0.508475	186
0.656111	186
0.573657	186
0.633103	186
0.584016	186
0.804279	27
0.482386	186
0.538979	186
0.794652	114
0.803093	186
0.719178	186
0.695009	186
0.590314	186
0.606559	186
0.664746	186
0.727358	186
0.486234	186
0.707401	186
0.631825	186
0.671205	186
0.621968	186
0.662091	186
0.738439	12
0.645743	186
0.808726	186
0.593771	186
0.409579	186
0.465048	186
0.473788	186
0.640809	186
0.677463	186
0.919987	53
0.499615	186
0.605365	186
0.593735	186
0.499034	186
0.751322	23
0.654863	186
0.589311	186
0.63971	186
0.59081	186
0.786909	76
0.627316	186
0.845514	123
0.179545	186
0.413971	186
0.511503	186
0.457346	186
0.544345	186
0.766296	186
0.718078	186
0.73957	186
0.655035	186
0.580974	186
0.549775	186
0.570843	186
0.852117	-1
0.824787	186
0.719838	-1
0.540678	186
0.670171	186
0.624154	186
0.618675	186
0.600268	186
0.500996	186
0.581991	186
0.612409	186
0.658426	186
0.560102	186
0.552731	186
0.661812	186
0.871881	64
0.436895	186
0.620415	186
0.56429	186
0.826855	186
0.75801	186
0.670515	186
0.463371	186
0.722494	186
0.674292	186
0.790257	186
0.331935	186
0.340497	186
0.408956	186
0.514037	186
0.521258	186
0.596155	186
0.656909	186
0.519042	186
0.666834	186
0.58152	186
0.599346	186
0.574378	186
0.762267	186
0.741844	186
0.586459	186
0.660291	186
0.495873	186
0.553788	186
0.704906	125
0.585012	186
0.654902	186
0.452705	186
0.417283	186
0.373915	186
0.426337	186
0.633798	186
0.579558	186
0.781273	18
0.741881	97
0.588835	186
0.804969	186
0.781273	18
0.651782	186
0.495854	186
0.704967	186
0.570824	186
0.612049	186
0.614228	186
0.504268	186
0.504268	186
0.502124	186
0.436369	186
0.774968	186
0.576329	186
0.706793	186
0.532427	186
0.438495	186
0.561695	186
0.682314	186
0.592529	186
0.603914	186
0.493209	186
0.486003	186
0.814494	185
0.605652	186
0.596465	186
0.599018	186
0.797885	18
0.788404	55
0.731266	44
0.673166	186
0.576584	186
0.722699	186
0.743776	186
0.79471	172
0.747364	186
0.574649	186
0.599221	186
0.541919	186
0.569886	186
0.528471	186
0.783293	23
0.493381	186
0.523322	186
0.668895	186
0.704904	186
0.585273	186
0.604316	186
0.61207	186
0.536149	186
0.632925	186
0.401884	186
0.292112	186
0.461115	186
0.398735	186
0.421996	186
0.766227	18
0.374323	186
0.604477	186
0.565175	186
0.491056	186
0.591291	186
0.430581	186
0.493607	186
0.692229	186
0.688887	186
0.542201	186
0.526057	186
0.497495	186
0.476422	186
0.611059	186
0.587343	186
0.824432	27
0.588261	186
0.501253	186
0.538373	186
0.614796	186
0.614796	186
0.669135	186
0.711167	186
0.751097	186
0.807049	186
0.651921	186
0.689571	186
0.628538	186
0.735345	186
0.651934	186
0.565379	186
0.6201	186
0.838752	186
0.765763	56
0.733969	186
0.825297	186
0.798811	149
0.660591	186
0.824543	76
0.663362	186
0.69676	186
0.566979	186
0.320155	186
0.471882	186
0.468079	186
0.476992	186
0.540677	186
0.571059	186
0.551866	186
0.545432	186
0.398367	186
0.365512	186
0.409407	186
0.743064	-1
0.752917	186
0.58258	186
0.446387	186
0.457066	186
0.527521	186
0.668506	186
0.659567	186
0.516287	186
0.519373	186
0.66144	186
0.66612	186
0.862017	55
0.528572	186
0.805765	155
0.730202	186
0.678083	186
0.669189	186
0.611304	186
0.471694	186
0.558879	186
0.59946	186
0.533462	186
0.718745	44
0.791453	76
0.418605	186
0.52747	186
0.503783	186
0.614789	186
0.590923	186
0.676296	186
0.538244	186
0.66767	186
0.496195	186
0.540676	186
0.645478	186
0.489341	186
0.545448	186
0.644279	186
0.63043	186
0.566837	186
0.58614	186
0.547423	186
0.739105	186
0.673378	186
0.612143	186
0.739181	76
0.729847	16
0.728388	186
0.718915	186
0.41915	186
0.574933	186
0.589898	186
0.497576	186
0.533015	186
0.798224	70
0.670431	186
0.631261	186
0.505743	186
0.747151	186
0.647075	186
0.597574	186
0.833767	23
0.828689	30
0.715484	186
0.681986	186
0.494059	186
0.469031	186
0.459829	186
0.471935	186
0.56122	186
0.565314	186
0.58709	186
0.488777	186
0.582997	186
0.620258	186
0.646008	186
0.776091	70
0.595351	186
0.741968	186
0.684663	186
0.740312	186
0.829915	186
0.73688	5
0.719335	186
0.658059	186
0.660286	186
0.343399	186
0.539352	186
0.607172	186
0.408061	186
0.405638	186
0.580696	186
0.599545	186
0.55781	186
0.546195	186
0.465352	186
0.705602	19
0.631335	186
0.50181	186
0.512089	186
0.514292	186
0.491944	186
0.463114	186
0.4061	186
0.597975	186
0.599687	186
0.57081	186
0.471142	-1
0.651618	-1
0.768858	186
0.38307	186
0.509607	186
0.61688	186
0.762994	186
0.778592	186
0.662949	186
0.571655	186
0.766137	3
0.778776	186
0.535285	186
0.488216	186
0.617014	186
0.815498	10
0.750032	71
0.603732	186
0.649673	186
0.57808	186
0.714439	186
0.717117	186
0.707816	186
0.786684	186
0.626592	186
0.831414	149
0.602069	186
0.572315	186
0.503734	186
0.663077	186
0.68572	186
0.899063	76
0.826513	186
0.529299	186
0.657413	186
0.603586	186
0.629682	186
0.648116	186
0.617014	186
0.606487	186
0.687902	186
0.49077	186
0.681269	186
0.664664	186
0.646493	186
0.641749	186
0.607131	186
0.708363	186
0.734299	186
0.768373	186
0.32217	186
0.614306	186
0.629893	186
0.506878	186
0.290033	186
0.69081	186
0.732192	186
0.689234	186
0.447166	186
0.541217	186
0.509257	186
0.538698	186
0.588014	186
0.679378	186
0.813217	70
0.558464	186
0.5917	186
0.443116	186
0.409864	186
0.480584	186
0.449375	186
0.512377	186
0.569537	186
0.541528	186
0.516619	186
0.508486	186
0.489784	186
0.447975	186
0.498693	186
0.391214	186
0.447073	186
0.493496	186
0.525741	186
0.468805	186
0.470681	186
0.59956	186
0.851877	1
0.625961	186
0.465043	186
0.490265	186
0.469739	186
0.672098	186
0.637181	186
0.704233	81
0.419138	186
0.491221	186
0.595541	186
0.572948	186
0.534748	186
0.555587	186
0.566778	186
0.493879	186
0.650469	186
0.48744	186
0.703376	186
0.574531	186
0.347053	186
0.638443	186
0.380754	186
0.502293	186
0.547	186
0.393267	186
0.566408	186
0.417509	186
0.497658	186
0.417509	186
0.555216	186
0.665359	186
0.677977	186
0.500497	186
0.517151	186
0.674997	186
0.609212	186
0.555062	186
0.545078	186
0.70842	186
0.563243	186
0.632969	186
0.655822	186
0.629766	186
0.689239	186
0.723805	186
0.732611	186
0.672182	186
0.734683	186
0.855079	186
0.792738	171
0.732644	186
0.5454	186
0.644166	186
0.777105	30
0.727505	186
0.643653	186
0.660501	186
0.672833	186
0.647053	186
0.609732	186
0.341464	186
0.577588	186
0.604095	186
0.71879	186
0.772453	186
0.79319	186
0.67015	186
0.683545	186
0.736438	186
0.696852	186
0.668156	186
0.667675	186
0.592698	186
0.593801	186
0.752206	186
0.623708	186
0.696081	186
0.699999	186
0.764364	71
0.790418	70
0.580008	186
0.565214	186
0.705896	186
0.654288	186
0.5836	186
0.502931	186
0.557957	186
0.546148	-1
0.660558	-1
0.671961	186
0.714973	186
0.659052	186
0.530328	186
0.573642	186
0.32832	186
0.499541	186
0.517247	186
0.562229	186
0.528514	186
0.744845	19
0.749555	71
0.599842	186
0.540864	186
0.547304	186
0.862958	8
0.750535	186
0.713866	186
0.517799	186
0.612725	186
0.625594	186
0.497985	186
0.545828	186
0.381258	186
0.381417	186
0.378589	186
0.485646	186
0.609331	186
0.47012	186
0.342136	186
0.336038	186
0.550479	186
0.539213	186
0.371577	186
0.467552	186
0.531743	186
0.529223	186
0.654463	186
0.517155	186
0.537443	186
0.535348	186
0.640331	186
0.640331	186
0.722028	186
0.807639	159
0.594579	186
0.617855	186
0.686762	186
0.709441	186
0.367115	186
0.662641	186
0.575785	186
0.737611	186
0.51578	186
0.574129	186
0.628218	186
0.51537	186
0.673102	186
0.638926	186
0.668664	186
0.727454	186
0.707574	186
0.734092	186
0.725388	186
0.721972	186
0.733008	186
0.740132	81
0.685157	186
0.896081	10
0.811101	10
0.576115	186
0.764898	186
0.577675	186
0.518509	186
0.583009	186
0.560423	186
0.752497	186
0.731961	186
0.560423	186
0.704608	18
0.633933	186
0.686759	186
0.712074	-1
0.575253	186
0.578832	186
0.57633	186
0.738669	186
0.690822	186
0.612246	186
0.583865	186
0.57435	186
0.480727	186
0.613234	186
0.752089	154
0.775709	53
0.797471	154
0.644362	186
0.809727	127
0.725373	186
0.809744	71
0.814994	186
0.661256	186
0.566468	186
0.724715	186
0.712722	186
0.636509	186
0.688715	186
0.540761	186
0.536522	186
0.705645	186
0.612548	186
0.553113	186
0.729868	186
0.657238	186
0.527273	186
0.527287	186
0.292165	186
0.300378	186
0.516501	186
0.654997	186
0.562049	186
0.465648	186
0.417173	186
0.807601	186
0.773671	18
0.62765	186
0.784054	147
0.832094	107
0.715455	186
0.508856	186
0.565088	186
0.70479	186
0.637097	186
0.523936	186
0.52015	186
0.743339	30
0.732478	186
0.660359	186
0.674471	-1
0.551907	-1
0.855312	186
0.369064	186
0.740363	186
0.787049	125
0.672927	186
0.790818	10
0.699202	186
0.605134	186
0.647692	186
0.401149	186
0.817065	171
0.667777	186
0.672784	186
0.544824	186
0.838135	171
0.758476	27
0.794707	116
0.436767	186
0.793228	18
0.721693	186
0.649727	186
0.638486	186
0.5899	186
0.744699	186
0.752946	171
0.517559	186
0.70394	12
0.710813	186
0.486708	186
0.53911	186
0.695179	186
0.721554	186
0.653336	186
0.797946	186
0.762683	186
0.714182	12
0.708575	18
0.659632	186
0.715645	186
0.598199	186
0.648983	186
0.677903	186
0.808451	186
0.694232	186
0.759053	186
0.686861	186
0.666543	186
0.453407	186
0.779394	186
0.618453	186
0.492268	186
0.497413	186
0.637192	186
0.344921	186
0.486542	186
0.458927	186
0.60607	186
0.620569	186
0.541543	186
0.384981	186
0.589612	186
0.544075	186
0.569954	186
0.495294	186
0.592631	186
0.5514	186
0.615013	186
0.648551	186
0.72548	186
0.339307	186
0.799982	186
0.815144	186
0.40005	186
0.52773	186
0.807118	82
0.584497	186
0.668089	186
0.701528	186
0.713559	186
0.533223	186
0.548114	186
0.655884	186
0.631278	186
0.70795	186
0.784243	18
0.359275	186
0.66097	186
0.673821	186
0.569738	186
0.578817	186
0.570173	186
0.572497	186
0.675522	186
0.640766	186
0.331613	186
0.646627	186
0.749512	13
0.639268	186
0.613034	186
0.538128	186
0.529151	186
0.487128	186
0.553155	186
0.547442	186
0.641339	186
0.758477	186
0.866914	12
0.530774	186
0.548851	186
0.670936	186
0.615685	186
0.656967	186
0.58458	186
0.725234	186
0.678465	186
0.574473	186
0.738599	186
0.706384	186
0.723564	186
0.605008	186
0.764027	186
0.687657	186
0.661144	186
0.720755	186
0.769636	186
0.651007	186
0.592728	186
0.730827	186
0.715079	127
0.595868	186
0.72265	186
0.516726	186
0.588489	186
0.487078	186
0.58844	186
0.610036	186
0.692503	186
0.610784	186
0.570329	186
0.706888	186
0.750927	186
0.491863	186
0.431815	186
0.542297	186
0.576989	186
0.443729	186
0.460629	186
0.569894	186
0.590804	186
0.594958	186
0.562106	186
0.624382	186
0.598317	186
0.635237	186
0.529921	186
0.509362	186
0.504988	186
0.620378	186
0.587594	186
0.580293	186
0.597505	186
0.665971	186
0.536473	186
0.552431	186
0.595046	186
0.585958	186
0.63311	186
0.506785	186
0.596671	186
0.652724	186
0.569309	-1
0.60033	-1
0.667951	-1
0.639696	186
0.48865	186
0.478707	186
0.529153	186
0.511829	186
0.470672	186
0.460179	186
0.725894	186
0.902708	186
0.81499	18
0.501226	186
0.795071	113
0.598568	186
0.769672	186
0.818932	117
0.81025	94
0.671602	186
0.615618	186
0.785716	159
0.816117	186
0.78131	186
0.625048	186
0.715154	7
0.705424	186
0.696088	186
0.706551	186
0.56698	186
0.88675	53
0.691209	-1
0.785884	109
0.841164	23
0.581723	186
0.745616	38
0.725955	186
0.562885	186
0.641804	186
0.702565	186
0.661249	186
0.644227	186
0.556059	186
0.47532	186
0.697536	186
0.566661	186
0.585055	186
0.609262	186
0.78707	64
0.570362	186
0.571672	186
0.642698	186
0.583806	186
0.486673	186
0.533749	186
0.455016	186
0.710526	186
0.734817	186
0.714596	186
0.523481	186
0.452749	186
0.340212	186
0.61249	186
0.642858	186
0.72525	186
0.597105	186
0.755983	186
0.796206	-1
0.637784	-1
0.615234	186
0.667366	186
0.544584	186
0.550957	186
0.585697	186
0.549979	186
0.521251	186
0.616426	186
0.653073	186
0.577326	186
0.614639	186
0.590771	186
0.517232	186
0.406981	186
0.417765	186
0.479507	186
0.425202	186
0.503296	186
0.583981	186
0.524068	186
0.638985	186
0.421953	186
0.477529	186
0.38271	186
0.673656	186
0.518916	186
0.69593	186
0.547611	186
0.614273	186
0.531187	186
0.61553	186
0.641528	186
0.51898	186
0.534508	186
0.750478	27
0.895735	76
0.755142	184
0.553419	186
0.735829	186
0.621385	186
0.513248	186
0.616054	186
0.593301	186
0.638459	186
0.548589	186
0.458504	186
0.530579	186
0.620348	186
0.548589	186
0.726745	186
0.486719	186
0.555843	186
0.551283	186
0.4989	186
0.627245	186
0.630432	186
0.60854	186
0.661922	186
0.47724	186
0.646062	186
0.634653	186
0.535246	186
0.652084	186
0.548774	186
0.561753	186
0.651131	186
0.659967	186
0.523585	186
0.526566	186
0.528498	186
0.636447	186
0.584408	186
0.787242	186
0.669759	186
0.41289	186
0.576201	186
0.621799	186
0.61719	186
0.663566	186
0.671018	186
0.60595	186
0.674893	186
0.615448	186
0.578532	186
0.65394	186
0.547398	186
0.631667	186
0.460629	186
0.579115	186
0.5824	186
0.752667	186
0.68611	186
0.640878	186
0.616643	186
0.659595	186
0.735564	186
0.561314	101
0.838699	127
0.657073	186
0.693844	186
0.568478	186
0.556434	186
0.502462	186
0.638734	186
0.602135	186
0.55908	186
0.496	186
0.800058	127
0.767451	186
0.786762	186
0.634497	186
0.809301	11
0.744815	186
0.562949	186
0.693628	186
0.41317	186
0.470166	186
0.494474	186
0.535552	186
0.507983	186
0.602838	186
0.48384	186
0.615196	186
0.583248	186
0.673202	186
0.628981	186
0.469983	186
0.541408	186
0.349934	186
0.457299	186
0.505161	186
0.589085	186
0.582425	186
0.459407	186
0.369539	186
0.655908	186
0.668326	186
0.644268	186
0.710309	186
0.519248	186
0.70331	27
0.585542	186
0.582668	186
0.588979	186
0.656236	186
0.722293	186
0.429947	186
0.641666	186
0.737407	186
0.680333	186
0.592401	186
0.602991	186
0.59263	186
0.804788	186
0.473966	186
0.424437	186
0.386003	186
0.637678	186
0.742692	186
0.645444	186
0.844113	-1
0.386575	186
0.610953	186
0.615219	186
0.433329	186
0.677093	186
0.60799	186
0.835072	186
0.404923	186
0.851849	113
0.692721	186
0.406486	186
0.896315	16
0.624241	186
0.831128	159
0.835858	186
0.762459	186
0.797831	116
0.513559	186
0.567469	186
0.560386	186
0.58397	186
0.572673	186
0.447109	186
0.68225	186
0.595329	186
0.442031	186
0.63087	186
0.56505	186
0.743209	186
0.583363	186
0.592991	186
0.573468	186
0.614193	186
0.918104	94
0.656173	186
0.800539	56
0.799266	76
0.681504	186
0.645926	186
0.849569	18
0.809237	27
0.589816	186
0.637526	186
0.635666	186
0.598948	186
0.635975	186
0.608052	186
0.562251	186
0.491585	186
0.560069	186
0.652715	186
0.619732	186
0.810088	19
0.605069	186
0.710245	186
0.620148	186
0.558267	186
0.623319	186
0.577969	186
0.805	186
0.746045	186
0.809645	-1
0.660707	186
0.647542	186
0.654322	-1
0.866462	55
0.666274	186
0.67922	186
0.599598	186
0.778406	186
0.745678	186
0.400313	186
0.82605	76
0.466646	186
0.568742	186
0.783691	186
0.707418	186
0.812824	64
0.717125	116
0.541349	186
0.508455	186
0.819146	186
0.566345	186
0.670153	186
0.8688	109
0.661249	186
0.594697	186
0.752575	149
0.815097	18
0.701249	186
0.756292	186
0.786934	18
0.586185	186
0.709738	186
0.836873	23
0.743498	186
0.641553	186
0.747318	186
0.825321	186
0.881826	186
0.830511	18
0.760192	76
0.71074	186
0.596719	186
0.812658	186
0.553177	186
0.444204	186
0.385774	186
0.416677	186
0.635127	186
0.56925	186
0.308167	186
0.375376	-1
0.807127	176
0.640961	186
0.516864	186
0.533193	186
0.412867	186
0.81215	186
0.8573	56
0.510019	186
0.548356	-1
0.798325	186
0.846645	54
0.762614	186
0.706373	186
0.56904	186
0.772147	186
0.818768	186
0.48213	186
0.467024	186
0.504687	186
0.480223	186
0.561689	186
0.706	186
0.908401	147
0.621313	186
0.867611	53
0.719621	-1
0.773486	186
0.631632	186
0.630563	186
0.671901	186
0.705796	186
0.535465	186
0.886215	154
0.866629	154
0.589565	186
0.675502	186
0.809733	76
0.533245	186
0.693474	186
0.619688	186
0.529999	186
0.57681	186
0.741525	186
0.579813	186
0.82865	23
0.432714	186
0.892768	186
0.57541	186
0.425522	186
0.492214	186
0.852964	23
0.880357	116
0.477687	186
0.651557	186
0.874741	186
0.800414	186
0.818808	186
0.920133	10
0.724543	186
0.521843	186
0.716383	11
0.883459	10
0.354375	186
0.409528	186
0.938726	10
0.661947	186
0.896926	18
0.582915	186
0.515061	186
0.514532	186
0.452223	186
0.855722	169
0.557423	186
0.633365	186
0.620693	-1
0.702025	186
0.585474	186
0.634968	186
0.662282	186
0.704394	186
0.592205	186
0.501873	186
0.799786	186
0.896345	55
0.717477	186
0.898271	76
0.579925	186
0.670157	186
0.606225	186
0.745751	186
0.354917	186
0.668115	186
0.692024	186
0.526884	186
0.660966	186
0.76046	186
0.532156	186
0.701206	186
0.739459	186
0.807502	186
0.736898	186
0.794173	186
0.873897	186
0.697631	186
0.66399	186
0.808205	64
0.765737	186
0.876439	53
0.655256	186
0.756424	186
0.743027	186
0.863907	55
0.815787	155
0.651691	-1
0.635117	-1
0.5121	-1
0.755822	88
0.903261	109
0.735238	108
0.715144	23
0.789179	-1
0.822273	186
0.803857	68
0.8573	76
0.693211	186
0.757035	186
0.788971	-1
0.643646	186
0.465548	186
0.383049	186
0.459993	186
0.657635	186
0.595596	186
0.671576	186
0.805115	71
0.651645	186
0.729153	186
0.754645	18
0.569911	186
0.521236	186
0.620808	186
0.613576	186
0.540457	186
0.600896	186
0.484061	186
0.593447	186
0.681644	186
0.719242	186
0.658491	186
0.579934	186
0.61132	186
0.708673	154
0.724408	165
0.669162	186
0.7213	186
0.801844	186
0.748298	18
0.668812	186
0.601371	186
0.691513	186
0.907588	18
0.535717	186
0.818499	18
0.735976	186
0.806917	13
0.628464	186
0.548274	186
0.50528	186
0.823778	154
0.64618	186
0.546939	186
0.636656	186
0.513988	-1
0.852464	10
0.685471	186
0.596271	186
0.63802	186
0.651797	186
0.574314	186
0.57509	186
0.516031	186
0.340829	186
0.664872	186
0.737746	55
0.723502	186
0.59129	186
0.750029	186
0.648743	186
0.655934	186
0.898685	56
0.554137	186
0.718221	186
0.551894	186
0.733691	186
0.888341	186
0.7999	186
0.523911	186
0.641832	186
0.796984	151
0.849501	186
0.590583	186
0.454735	186
0.465096	186
0.735201	186
0.436388	186
0.607847	186
0.846166	186
0.853193	151
0.575161	186
0.670443	186
0.622722	186
0.630074	186
0.689742	186
0.79419	66
0.65255	186
0.574835	186
0.673879	186
0.659554	186
0.614111	186
0.788776	109
0.819086	186
0.492499	186
0.506942	186
0.558578	186
0.787973	23
0.773665	186
0.879383	186
0.56618	186
0.665833	186
0.639317	186
0.634853	186
0.368902	186
0.617659	186
0.370048	186
0.345039	186
0.508541	186
0.438772	186
0.774332	186
0.774407	8
0.79044	27
0.802351	12
0.670922	186
0.440572	186
0.740103	76
0.657674	186
0.555519	186
0.911323	155
0.555056	186
0.446751	186
0.689078	186
0.675212	186
0.59613	-1
0.769661	144
0.444508	186
0.471427	-1
0.950136	87
0.522684	186
0.737968	186
0.774224	186
0.779826	147
0.779858	186
0.853514	18
0.396979	186
0.491071	186
0.577021	186
0.595638	186
0.697935	186
0.396979	186
0.421397	186
0.334289	186
0.396979	186
0.432077	186
0.509548	186
0.836754	23
0.634871	186
0.769134	53
0.420798	186
0.748312	186
0.735355	171
0.818481	186
0.454877	186
0.753876	147
0.845274	186
0.752554	186
0.737711	33
0.747875	19
0.571688	186
0.56691	186
0.824005	23
0.650895	186
0.637496	186
0.559993	186
0.788112	186
0.646633	186
0.671076	186
0.644005	186
0.74919	186
0.460759	186
0.637292	186
0.456283	186
0.797862	23
0.431761	-1
0.669465	186
0.555556	-1
0.748562	186
0.751613	186
0.955556	-1
0.729615	186
0.653012	186
0.68949	186
0.525728	-1
0.717877	186
0.590259	186
0.798198	186
0.834537	109
0.699558	186
0.411793	186
0.723834	186
0.90041	-1
0.834643	186
0.775578	64
0.718345	186
0.724717	-1
0.870423	92
0.698428	-1
0.643977	186
0.788913	174
0.744773	108
0.478301	-1
0.495618	186
0.539999	186
0.727461	186
0.418682	186
0.637496	186
0.475892	186
0.568752	186
0.834537	-1
0.97529	-1
0.597422	-1
0.69621	186
0.67875	186
0.832118	186
0.456987	186
0.642654	186
0.685192	186
0.513895	-1
0.819078	186
0.632339	186
0.568037	186
0.337765	186
0.885639	116
0.822675	18
0.46405	-1
0.818073	1
0.815281	151
0.784694	159
0.802898	33
0.897901	177
0.893583	23
0.624375	186
0.773596	76
0.638857	186
0.600512	186
0.779242	109
0.811839	33
0.762882	186
0.894286	186
0.549425	186
0.624285	186
0.73695	186
0.718678	186
0.964033	-1
0.794818	186
0.772868	96
0.832746	186
0.705674	186
0.8509	23
0.635869	186
0.604205	186
0.802607	18
0.868182	186
0.812941	33
0.730205	186
0.670561	186
0.723351	186
0.890489	116
0.702786	186
0.81614	-1
0.822354	186
0.572826	-1
0.433082	186
0.869781	-1
0.581942	186
0.616564	186
0.67045	186
0.762649	158
0.635415	186
0.630706	186
0.68772	186
0.8573	76
0.826855	186
0.658595	186
0.484135	186
0.619598	186
0.649048	186
0.680232	186
0.71758	186
0.496721	186
0.719253	186
0.769897	53
0.560936	186
0.475789	186
0.560344	186
0.529094	186
0.638211	186
0.526363	186
0.769945	186
0.712079	186
0.76373	186
0.543851	186
0.474127	186
0.436246	186
0.52871	186
0.592867	186
0.567133	186
0.488451	186
0.528635	186
0.610462	186
0.371431	186
0.497807	186
0.390447	186
0.689698	186
0.435897	186
0.89595	186
0.713862	186
0.710303	-1
0.596891	-1
0.513341	-1
0.414877	186
0.726248	53
0.549245	186
0.646561	186
0.839689	87
0.676886	186
0.903676	-1
0.829856	76
0.80365	32
0.728059	74
0.787779	26
0.531712	186
0.818858	53
0.627551	186
0.785749	154
0.681461	186
0.773673	154
0.732863	39
0.562153	186
0.651763	186
0.509755	186
0.335484	186
0.619291	186
0.782152	-1
0.65762	186
1	34
0.652382	186
0.704733	186
0.618679	186
0.908958	98
0.658075	186
0.376066	-1
0.768649	186
0.779381	186
0.584486	186
0.755206	186
0.609239	186
0.766721	64
0.717884	23
0.811137	11
0.617764	186
0.822004	18
0.462893	-1
0.393757	186
0.781771	186
0.823661	154
0.797736	53
0.789344	-1
0.853599	-1
0.696417	-1
0.617986	186
0.538769	186
0.815901	33
0.911022	27
0.880761	184
0.755516	148
0.727587	186
0.761583	186
0.798498	23
0.841203	186
0.867522	186
0.600635	186
0.749646	186
0.552006	186
0.518388	186
0.581726	186
0.686841	186
0.717109	186
0.592814	186
0.661471	186
0.727852	186
0.650112	186
0.613039	186
0.64193	186
0.538244	186
0.562394	186
0.819111	-1
0.723104	-1
0.836908	38
0.862249	1
0.694268	186
0.501033	186
0.777368	186
0.809383	186
0.763306	186
0.682177	186
0.744624	-1
0.798467	-1
0.939777	87
0.581317	186
0.726611	186
0.850943	18
0.688077	186
0.579296	186
0.504847	186
0.638685	186
0.790613	186
0.633751	186
0.647091	186
0.649295	186
0.667076	186
0.798221	-1
0.471369	-1
0.582393	186
0.564116	186
0.547634	186
0.47131	186
0.549892	186
0.474575	186
0.584541	186
0.586622	186
0.786184	26
0.985341	92
0.88792	33
0.558388	186
0.701023	186
0.424711	186
0.493319	186
0.708411	186
0.627981	186
0.435335	186
0.451343	186
0.579342	186
0.593144	186
0.556191	186
0.631477	186
0.524816	186
0.680719	186
0.670312	186
0.750184	186
0.717971	186
0.698283	186
0.633836	186
0.625923	186
0.747797	186
0.740635	186
0.798674	11
0.559326	186
0.477853	186
0.782323	186
0.759062	186
0.889445	144
0.841057	144
0.542011	186
0.432678	186
0.816724	10
0.796452	33
0.754329	186
0.814037	117
0.630467	186
0.701171	186
0.768146	186
0.857797	10
0.64663	186
0.547742	186
0.568041	186
0.504138	186
0.52466	186
0.72187	18
0.695637	186
0.533695	186
0.638546	186
0.206099	186
0.646672	186
0.468935	186
0.720485	186
0.668284	186
0.857172	186
0.807551	24
0.818764	94
0.574756	186
0.624738	186
0.585711	186
0.8123	186
0.578593	186
0.772078	107
0.600436	186
0.747136	186
0.647745	186
0.703632	186
0.375691	186
0.529601	186
0.682823	186
0.641082	186
0.375338	186
0.33875	186
0.587702	186
0.658212	186
0.639527	186
0.747869	186
0.756796	186
0.570891	186
0.590097	186
0.744607	186
0.8109	186
0.603186	186
0.876022	1
0.783233	84
0.396664	186
0.495807	186
0.479887	186
0.624662	186
0.670731	186
0.491675	186
0.545421	186
0.503989	186
0.632564	186
0.511806	186
0.540671	186
0.748695	186
0.92105	151
0.653107	-1
0.727174	186
0.600444	-1
0.5538	186
0.577551	186
0.791192	186
0.781657	109
0.512321	186
0.679962	186
0.640324	186
0.71841	116
0.639153	186
0.706925	186
0.432704	186
0.435759	186
0.541712	186
0.612739	186
0.632864	186
0.402133	186
0.444548	186
0.624524	186
0.657519	186
0.480407	186
0.491946	186
0.471057	186
0.547014	186
0.405553	186
0.521581	186
0.792935	44
0.607318	186
0.736493	5
0.654236	186
0.61759	186
0.617442	186
0.615352	186
0.402637	186
0.490931	186
0.633571	186
0.620301	186
0.627692	186
0.717194	186
0.511021	186
0.510592	186
0.571535	186
0.560981	186
0.60196	186
0.495229	186
0.518707	186
0.490689	186
0.562533	186
0.632161	186
0.517692	186
0.601363	186
0.719086	186
0.675584	186
0.593876	186
0.814174	116
0.826005	186
0.526482	186
0.842251	23
0.481493	186
0.586813	186
0.604881	186
0.605982	186
0.56665	186
0.614447	186
0.558039	186
0.610639	186
0.6919	186
0.694119	186
0.699351	186
0.733441	186
0.689989	186
0.749937	186
0.84609	186
0.703134	186
0.795231	186
0.952503	147
0.630416	186
0.565013	186
0.744496	186
0.68432	186
0.694444	186
0.597821	186
0.793016	186
0.638799	186
0.47082	186
0.617221	186
0.577584	186
0.65158	186
0.480775	186
0.789198	186
0.728838	127
0.276934	186
0.691787	186
0.66936	186
0.461231	186
0.641869	186
0.779008	130
0.75654	105
0.648361	186
0.536136	186
0.727694	-1
0.66576	186
0.51034	-1
0.472001	186
0.918457	-1
0.6711	186
0.4784	-1
0.452102	-1
0.669976	-1
0.939146	16
0.68549	186
0.414122	186
0.358224	186
0.347177	186
0.365841	186
0.745974	53
0.665426	186
0.656892	186
0.66766	186
0.595372	186
0.586556	186
0.66596	186
0.452127	186
0.624006	186
0.666667	186
0.506705	186
0.788371	154
0.600714	186
0.688076	186
0.47033	186
0.737709	186
0.758705	82
0.761244	186
0.6946	186
0.804581	186
0.729052	186
0.649115	186
0.451517	186
0.700575	186
0.525533	186
0.478853	186
0.69258	186
0.734437	122
0.591592	186
0.461735	186
0.733505	53
0.638422	186
0.53972	186
0.359117	186
0.700581	186
0.46157	186
0.600874	186
0.525837	186
0.719815	186
0.752474	186
0.757263	186
0.588914	186
0.559928	186
0.561945	186
0.652247	186
0.672717	186
0.582735	186
0.555532	186
0.722897	186
0.760953	19
0.692656	186
0.692713	186
0.678604	186
0.796254	53
0.625296	186
0.697598	186
0.612889	186
0.807337	186
0.751619	186
0.88785	30
0.771463	186
0.760667	123
0.685837	186
0.507665	-1
0.721777	186
0.738851	186
0.727539	186
0.742182	186
0.632743	-1
0.453234	186
0.762129	186
0.624115	186
0.568191	186
0.736875	186
0.433349	186
0.560428	186
0.549492	186
0.572295	186
0.530067	186
0.420457	186
0.516928	186
0.527893	186
0.636243	186
0.640077	186
0.890205	186
0.588405	186
0.739211	174
0.378168	186
0.385323	186
0.417108	186
0.512612	186
0.443629	186
0.703905	186
0.604576	186
0.74408	186
0.623551	186
0.458382	186
0.540203	186
0.612774	186
0.679901	186
0.717863	186
0.513118	186
0.72671	186
0.643201	186
0.785245	12
0.767134	172
0.752381	16
0.706342	186
0.723042	186
0.551965	186
0.430494	186
0.453964	186
0.62258	186
0.686911	186
0.631929	186
0.425821	186
0.370733	186
0.901331	53
0.701497	186
0.675531	186
0.594363	186
0.622424	186
0.521415	186
0.59918	186
0.371506	186
0.522724	186
0.620592	186
0.587284	186
0.836846	26
0.729688	186
0.560555	186
0.739581	186
0.717041	186
0.601725	186
0.769466	186
0.737495	186
0.664976	186
0.694656	186
0.77999	186
0.679514	186
0.54337	186
0.632556	186
0.599621	186
0.524817	186
0.530761	186
0.63862	186
0.561113	186
0.550426	186
0.719168	96
0.67216	186
0.78775	27
0.724764	101
0.730451	186
0.603948	186
0.600447	186
0.576246	186
0.822753	132
0.762967	186
0.786762	145
0.471215	186
0.588638	186
0.570517	186
0.521771	186
0.604781	186
0.655566	186
0.664511	186
0.485458	186
0.588362	186
0.617767	186
0.722623	186
0.58664	186
0.495178	186
0.942739	38
0.704015	186
0.616195	-1
0.650233	186
0.551973	186
0.636134	186
0.510049	186
0.525592	186
0.583302	186
0.63859	186
0.942338	18
0.583995	186
0.45525	186
0.51088	186
0.488631	186
0.639147	186
0.49813	186
0.545196	186
0.64987	186
0.665852	186
0.593642	186
0.609903	186
0.656016	186
0.72617	-1
0.566154	186
0.591821	186
0.623831	186
0.916456	186
0.728163	186
0.833148	186
0.492451	186
0.682929	186
0.695086	186
0.471448	186
0.42613	186
0.708035	186
0.71939	186
0.748433	186
0.722899	8
0.430068	186
0.730969	26
0.690732	186
0.607906	186
0.4935	186
0.610836	186
0.699579	186
0.833478	127
0.81137	136
0.618203	186
0.563429	186
0.4935	186
0.66585	186
0.615601	186
0.3831	186
0.507011	186
0.654207	186
0.50838	186
0.628319	186
0.604322	186
0.646459	186
0.589743	186
0.629859	186
0.404617	186
0.555587	186
0.642579	186
0.61793	186
0.656928	186
0.624603	186
0.594125	186
0.428482	186
0.596624	186
0.48337	186
0.601823	186
0.483805	186
0.669454	186
0.447788	186
0.514977	186
0.52527	186
0.408451	186
0.652759	186
0.557244	186
0.738067	186
0.537827	186
0.699	186
0.762053	186
0.491298	186
0.594572	186
0.523998	186
0.433541	186
0.479694	186
0.664133	186
0.686568	186
0.568043	186
0.618687	186
0.466933	186
0.493048	186
0.744367	186
0.646913	186
0.652027	186
0.600984	186
0.631723	186
0.645356	186
0.670015	186
0.539867	186
0.64684	186
0.573724	186
0.757738	186
0.76782	186
0.610003	186
0.581575	186
0.613595	186
0.642062	186
0.657984	186
0.434356	186
0.799423	186
0.905198	106
0.80002	18
0.608178	186
0.747365	18
0.802468	44
0.743014	186
0.619902	186
0.694049	186
0.843203	115
0.665594	186
0.611357	186
0.555432	186
0.517758	186
0.528675	186
0.648758	186
0.646935	186
0.747436	171
0.530577	186
0.419733	186
0.486196	186
0.521729	186
0.621978	186
0.568969	186
0.56584	186
0.620964	186
0.399141	186
0.364786	186
0.640691	186
0.631337	186
0.502127	186
0.446306	186
0.529118	186
0.297327	186
0.387765	186
0.473844	186
0.569574	186
0.519225	186
0.553716	186
0.595077	186
0.327347	186
0.589614	186
0.574986	186
0.496603	186
0.345	186
0.698615	186
0.620769	186
0.658628	186
0.656415	186
0.512937	186
0.749834	186
0.667141	186
0.60337	186
0.818943	71
0.548243	186
0.827467	71
0.490921	186
0.720946	186
0.839194	24
0.731457	186
0.790105	186
0.418693	186
0.556642	186
0.774173	186
0.583825	186
0.502896	186
0.392133	186
0.521981	186
0.730698	186
0.657753	186
0.567152	186
0.657187	186
0.517242	186
0.583003	186
0.809733	76
0.667091	186
0.678737	186
0.750812	186
0.690194	186
0.660815	186
0.676014	186
0.697711	186
0.574712	186
0.504143	186
0.611391	186
0.694612	186
0.526138	186
0.720156	-1
0.733698	186
0.702128	186
0.821843	40
0.717768	186
0.785065	186
0.625514	186
0.577396	186
0.591294	186
0.576497	186
0.592507	186
0.684433	186
0.598252	186
0.759134	186
0.348835	186
0.460868	186
0.562564	186
0.634286	186
0.869503	123
0.538932	186
0.643945	186
0.834113	186
0.740611	186
0.670373	186
0.60001	186
0.73148	186
0.481698	186
0.48644	186
0.694402	186
0.693483	186
0.692633	186
0.414862	186
0.547261	186
0.521232	186
0.483565	186
0.643037	186
0.672128	186
0.696782	186
0.616967	186
0.73213	186
0.786762	186
0.92652	186
0.603258	186
0.742409	186
0.442914	186
0.583985	186
0.968182	109
0.672124	186
0.77405	18
0.692821	186
0.530902	186
0.54859	186
0.71287	64
0.671685	186
0.662269	186
0.753235	186
0.75648	186
0.661361	186
0.725772	186
0.643956	186
0.679904	186
0.465468	186
0.752946	186
0.693791	186
0.755658	186
0.725806	186
0.711464	186
0.877203	108
0.823923	94
0.663123	186
0.672598	186
0.762126	186
0.820343	127
0.662596	186
0.77376	48
0.621441	186
0.69416	186
0.848474	127
0.80736	159
0.895154	147
0.806477	38
0.742271	186
0.809733	76
0.809733	76
0.725269	53
0.809195	26
0.853947	18
0.756364	186
0.692925	186
0.669902	186
0.59988	186
0.548476	186
0.691419	186
0.72913	186
0.870026	151
0.608358	186
0.479151	186
0.481234	186
0.633917	186
0.679328	186
0.536158	186
0.785871	125
0.731801	186
0.570644	186
0.579932	186
0.767503	11
0.782359	186
0.625063	186
0.636958	186
0.878571	18
0.720203	186
0.432689	186
0.626583	186
0.847467	186
0.435017	186
0.586291	186
0.613017	186
0.647783	186
0.522329	186
0.695395	186
0.6977	186
0.728392	186
0.711674	186
0.965855	186
0.691581	186
0.67207	186
0.468379	186
0.824538	186
0.861084	108
0.606918	186
0.641821	186
0.855505	18
0.861945	186
0.63814	186
0.658478	186
0.627343	186
0.809733	76
0.502609	186
0.787773	18
0.764414	186
0.703432	186
0.60043	186
0.583697	186
0.788268	186
0.658888	186
0.73588	186
0.683431	186
0.679923	186
0.67378	186
0.645934	186
0.572544	186
0.780963	154
0.564645	186
0.746174	186
0.704901	186
0.697955	186
0.633777	186
0.682896	186
0.826449	186
0.497344	186
0.49401	186
0.450169	186
0.568875	186
0.768257	88
0.856427	186
0.858839	171
0.834731	24
0.8884	53
0.647837	186
0.943322	76
0.59847	186
0.384925	186
0.539273	186
0.405209	186
0.63738	186
0.707684	186
0.632384	186
0.745947	186
0.557802	186
0.847315	64
0.636537	186
0.547272	186
0.544374	186
0.596362	186
0.731034	186
0.736122	186
0.736434	186
0.684563	186
0.567617	186
0.733809	186
0.759479	186
0.652902	186
0.658958	186
0.792071	186
0.765576	186
0.53815	-1
0.788143	186
0.734511	186
0.59321	186
0.581383	186
0.612946	186
0.618444	186
0.776923	18
0.553189	186
0.745631	186
0.922521	26
0.633374	186
0.48336	186
0.74324	179
0.555374	186
0.643726	186
0.59793	186
0.7511	113
0.638384	186
0.552759	186
0.632452	186
0.566469	186
0.8573	7
0.726511	186
0.449548	186
0.359914	186
0.533169	186
0.422622	186
0.76441	186
0.513826	186
0.555815	186
0.751242	186
0.415091	186
0.463432	186
0.868091	8
0.739066	7
0.862644	44
0.642007	186
0.625487	186
0.682701	186
0.800632	26
0.708458	154
0.465645	186
0.344278	186
0.903884	40
0.451905	186
0.456077	186
0.406862	186
0.39903	186
0.393696	186
0.584653	186
0.441079	186
0.592586	186
0.821843	-1
0.557247	186
0.494514	186
0.816979	171
0.603931	186
0.637688	186
0.586925	186
0.551822	186
0.872344	64
0.55478	186
0.509946	186
0.535722	186
0.631131	186
0.55445	-1
0.594113	186
0.350101	186
0.384418	186
0.663681	186
0.801505	3
0.637744	186
0.494089	186
0.458752	186
0.777329	76
0.823694	145
0.740829	171
0.533338	186
0.296549	-1
0.521595	186
0.580346	186
0.631189	186
0.247997	186
0.442688	186
0.751809	116
0.745777	172
0.789704	18
0.559915	186
0.536526	186
0.493243	186
0.575008	186
0.857516	88
0.732264	186
0.674653	186
0.496337	186
0.77422	186
0.61802	186
0.664848	186
0.412409	186
0.405094	186
0.705879	18
0.561476	186
0.594156	186
0.531628	186
0.617558	186
0.640811	186
0.769906	10
0.548498	186
0.577622	186
0.559139	186
0.834586	24
0.745542	18
0.766085	24
0.535705	186
0.842607	13
0.374562	186
0.59311	186
0.812892	186
0.503171	186
0.92006	18
0.479341	186
0.499627	186
0.314462	186
0.661238	186
0.62657	186
0.528948	186
0.493466	186
0.619118	18
0.552289	186
0.751761	186
0.734615	186
0.584745	186
0.643766	186
0.643688	186
0.67	186
0.606261	186
0.592686	186
0.703557	186
0.719169	186
0.639983	186
0.607496	186
0.299563	-1
0.431729	186
0.846356	18
0.610059	186
0.827187	18
0.526083	186
0.624686	186
0.663504	186
0.546563	186
0.440012	186
0.82328	186
0.777845	186
0.666571	186
0.636771	186
0.605957	186
0.613357	186
0.549196	186
0.508767	186
0.410664	186
0.420765	186
0.509625	186
0.568885	186
0.651353	186
0.587839	186
0.737655	186
0.649917	186
0.829613	186
0.654337	186
0.729499	186
0.502375	186
0.428234	186
0.795407	19
0.822883	171
0.693742	186
0.709568	186
0.584494	186
0.624885	186
0.651467	186
0.711264	186
0.637562	186
0.574013	186
0.488599	186
0.654174	186
0.548656	186
0.678965	186
0.768991	186
0.66558	186
0.882743	186
0.843782	-1
0.891054	-1
0.8573	186
0.706401	-1
0.694835	186
0.756373	186
0.728236	186
0.828954	186
0.806818	186
0.577193	186
0.818476	64
0.969113	70
0.315137	186
0.539977	186
0.562931	186
0.636779	186
0.512316	186
0.468524	186
0.552394	186
0.548206	186
0.474852	186
0.4679	186
0.633299	186
0.643915	-1
0.510195	186
0.517408	186
0.821843	186
0.429344	186
0.642238	186
0.768965	23
0.624582	186
0.549058	186
0.548282	186
0.569093	186
0.574912	186
0.617842	186
0.56066	186
0.575499	186
0.551875	-1
0.717382	116
0.790628	186
0.736874	186
0.559921	186
0.488987	186
0.768847	44
0.728298	186
0.642196	186
0.573624	186
0.8397	18
0.639023	186
0.516482	186
0.712979	186
0.402149	186
0.384606	186
0.379712	186
0.403176	186
0.456607	-1
0.596713	186
0.886445	-1
0.486498	186
0.557986	186
0.636656	186
0.919481	-1
0.40379	186
0.85204	53
0.46203	186
0.513309	186
0.728392	186
0.587365	186
0.422448	186
0.563984	186
0.775305	186
0.838644	19
0.757855	19
0.722672	186
0.588977	186
0.654529	-1
0.821342	186
0.766852	186
0.587795	186
0.496073	-1
0.744834	23
0.335169	186
0.678986	186
0.710756	186
0.783013	105
0.662662	186
0.539174	186
0.635499	186
0.931342	123
0.78313	18
0.87403	23
0.777002	186
0.746497	186
0.808359	107
0.64998	186
0.405926	186
0.561473	186
0.661877	-1
0.706652	186
0.626238	186
0.855876	186
0.715696	60
0.283015	186
0.66369	186
0.753914	19
0.579154	186
0.628305	186
0.812436	-1
0.589561	186
0.653016	186
0.430536	186
0.592907	186
0.53643	186
0.71483	186
0.7756	149
0.394588	186
0.383532	186
0.550473	186
0.520535	186
0.59983	186
0.881416	18
0.544629	186
0.595874	186
0.803711	-1
0.819343	18
0.566903	186
0.763366	62
0.709458	186
0.803396	18
0.782925	186
0.846358	-1
0.836	87
0.704588	186
0.568503	186
0.587853	186
0.557314	186
0.786918	-1
0.628844	186
0.564345	186
0.700999	186
0.474958	186
0.602274	186
0.596996	186
0.478475	186
0.521645	186
0.553075	186
0.539388	186
0.715264	186
0.80253	23
0.764882	87
0.474493	186
0.373348	186
0.528886	186
0.537977	186
0.654263	186
0.555985	186
0.640316	186
0.591636	186
0.733333	186
0.498096	186
0.498838	186
0.568103	186
0.630676	186
0.450977	186
0.721141	186
0.709813	186
0.48761	186
0.560765	-1
0.87091	-1
0.59278	186
0.488388	186
0.784265	186
0.724129	186
0.590943	186
0.506835	186
0.585558	186
0.633423	186
0.526188	186
0.618339	186
0.689212	186
0.655419	186
0.903073	18
0.908546	33
0.815273	186
0.608516	186
0.598755	186
0.812433	186
0.569924	186
0.654401	186
0.533695	186
0.576069	186
0.650378	186
0.815174	102
0.619192	186
0.535903	186
0.524585	186
0.424243	186
0.427957	186
0.727537	186
0.726698	186
0.555889	186
0.691132	186
0.644359	186
0.645053	186
0.82418	186
0.708405	186
0.765758	186
0.53224	186
0.515311	186
0.786525	186
0.559938	186
0.490793	186
0.614879	186
0.700635	186
0.832275	76
0.564409	186
0.733736	186
0.543017	186
0.52159	186
0.6385	186
0.725734	186
0.736188	186
0.320473	186
0.582554	186
0.694721	186
0.619768	186
0.531579	186
0.612498	186
0.608913	186
0.428172	186
0.486056	186
0.739215	186
0.838008	186
0.602106	186
0.507442	186
0.720271	186
0.624867	186
0.569326	186
0.563712	186
0.711183	186
0.688326	186
0.640588	186
0.556708	186
0.559563	186
0.544422	186
0.607626	-1
0.564479	186
0.862547	155
0.642785	186
0.39414	186
0.477611	186
0.485442	186
0.4044	186
0.564239	186
0.452457	186
0.702161	186
0.687927	186
0.668666	186
0.783208	186
0.590247	186
0.701276	186
0.539622	186
0.670722	186
0.656849	186
0.526858	186
0.517842	186
0.458428	186
0.613165	186
0.587131	186
0.575073	186
0.756163	186
0.68543	186
0.857711	186
0.380489	186
0.720604	186
0.721604	186
0.776489	186
0.905419	23
0.823759	186
0.833536	27
0.627564	186
0.514117	186
0.690602	186
0.729441	186
0.581434	186
0.686856	186
0.696376	186
0.536701	186
0.636347	186
0.551918	186
0.507492	186
0.443454	186
0.716747	186
0.619806	186
0.625474	186
0.636322	186
0.633908	186
0.59938	186
0.548515	186
0.602561	186
0.742746	186
0.52061	186
0.485667	186
0.582717	186
0.763498	186
0.358609	186
0.446163	186
0.520438	186
0.655186	186
0.554399	186
0.659913	186
0.593415	186
0.739178	186
0.609719	186
0.557208	186
0.548537	186
0.619181	186
0.411656	186
0.749657	186
0.579763	186
0.757037	186
0.589956	186
0.569213	186
0.600525	186
0.69673	186
0.700962	186
0.723279	155
0.678407	186
0.456031	186
0.648963	186
0.461965	186
0.641796	186
0.693975	186
0.668077	186
0.721524	186
0.632673	186
0.614748	186
0.878246	38
0.766993	186
0.637954	186
0.603161	186
0.588149	186
0.654884	186
0.743289	174
0.459501	186
0.712572	186
0.656798	186
0.721783	186
0.595035	186
0.658505	186
0.48259	186
0.737256	186
0.378822	186
0.548206	186
0.543986	186
0.316878	186
0.603778	186
0.570263	186
0.620381	186
0.422804	186
0.362455	186
0.574039	186
0.422804	186
0.362455	186
0.629753	186
0.79988	186
0.57253	186
0.445119	186
0.400894	186
0.453039	186
0.215597	186
0.525289	186
0.399796	186
0.573121	186
0.75255	186
0.685751	186
0.428649	186
0.566226	186
0.662238	186
0.584735	186
0.672703	186
0.680147	186
0.638838	186
0.519772	186
0.690011	186
0.742562	186
0.811489	186
0.584751	186
0.821451	186
0.863813	87
0.720899	186
0.732824	186
0.347918	186
0.414269	186
0.6478	186
0.564808	186
0.718661	186
0.71411	186
0.565309	186
0.417935	186
0.583078	186
0.436182	186
0.785833	38
0.433656	186
0.621472	186
0.678639	186
0.517333	186
0.688626	186
0.606837	186
0.676417	186
0.480667	186
0.588827	186
0.74189	186
0.593589	186
0.693191	186
0.7173	127
0.764979	186
0.827619	186
0.6478	186
0.388952	186
0.964706	186
0.705705	186
0.716483	27
0.833961	62
0.744308	186
0.806237	53
0.58842	186
0.622914	-1
0.87328	186
0.716889	186
0.854717	55
0.741782	186
0.279383	186
0.337197	186
0.514762	186
0.458222	186
0.594024	186
0.341294	186
0.458656	186
0.460759	186
0.714702	186
0.460828	186
0.715209	186
0.43224	186
0.728352	186
0.614634	186
0.560967	186
0.558398	186
0.458036	186
0.547156	186
0.675372	186
0.841046	16
0.657159	186
0.582428	186
0.390692	186
0.450352	186
0.535487	186
0.510772	186
0.540872	186
0.45861	186
0.451094	186
0.625744	186
0.740227	186
0.609234	186
0.736123	186
0.545157	186
0.654715	186
0.547496	186
0.614842	186
0.443053	186
0.632788	186
0.668199	186
0.659183	186
0.55266	186
0.447496	186
0.47035	186
0.627633	186
0.671648	186
0.710173	186
0.581307	186
0.661364	186
0.553586	186
0.510711	186
0.525153	186
0.470949	186
0.54529	186
0.660647	186
0.562109	186
0.706341	186
0.511845	186
0.475314	186
0.490128	186
0.518356	186
0.40126	186
0.616524	186
0.460067	186
0.750795	186
0.548113	186
0.771716	186
0.470862	186
0.466566	186
0.568871	186
0.562404	186
0.44747	186
0.779442	38
0.648986	186
0.54008	186
0.838997	18
0.516743	186
0.514567	186
0.698732	186
0.614944	186
0.649713	186
0.688262	186
0.553955	186
0.602905	186
0.640425	186
0.500684	186
0.500538	186
0.637078	186
0.48784	186
0.591616	186
0.52056	186
0.707954	122
0.469467	186
0.769564	-1
0.837843	62
0.654918	186
0.765288	186
0.539022	186
0.498368	186
0.580289	186
0.493731	186
0.55426	186
0.802917	171
0.388363	186
0.614678	186
0.538655	186
0.668832	186
0.685842	186
0.509127	186
0.691997	186
0.656907	186
0.541391	186
0.6352	186
0.462599	186
0.47799	186
0.48884	186
0.462977	186
0.573918	186
0.684273	186
0.448661	186
0.653871	186
0.842965	186
0.840103	186
0.530876	186
0.603466	186
0.651675	186
0.575533	186
0.635989	186
0.674632	186
0.878504	141
0.673266	186
0.790181	186
0.749439	186
0.663718	186
0.601148	186
0.390793	186
0.526467	186
0.637738	186
0.653535	186
0.747693	186
0.833929	8
0.708235	1
0.702045	186
0.83748	-1
0.762321	186
0.633632	186
0.511565	186
0.768677	62
0.610262	186
0.748622	165
0.58377	186
0.865169	109
0.909013	-1
0.570122	186
0.518149	186
0.575783	186
0.647543	186
0.575625	186
0.657739	186
0.588941	186
0.616854	186
0.571048	186
0.589557	186
0.763452	70
0.690027	186
0.797145	186
0.768072	186
0.845639	26
0.651221	186
0.501068	186
0.692265	186
0.701707	186
0.720009	186
0.721626	186
0.560736	186
0.585517	186
0.648059	186
0.650165	186
0.774973	186
0.646896	186
0.759144	186
0.66498	186
0.497723	186
0.554352	186
0.622954	186
0.657334	186
0.736232	184
0.452491	186
0.641883	186
0.595831	186
0.717296	127
0.605178	186
0.46535	186
0.818174	186
0.673738	186
0.757789	186
0.777478	186
0.586785	186
0.567236	186
0.568397	186
0.599234	186
0.644569	186
0.422372	186
0.647684	186
0.750056	70
0.381921	186
0.46674	186
0.547024	186
0.649909	186
0.577803	186
0.586867	186
0.603909	186
0.671483	186
0.553557	186
0.521596	186
0.610753	186
0.668895	186
0.704904	186
0.584979	186
0.493381	186
0.523322	186
0.515997	-1
0.505423	186
0.589452	-1
0.625074	-1
0.63062	186
0.857854	186
0.706481	186
0.734005	186
0.53994	186
0.719369	186
0.652904	186
0.676888	186
0.437737	186
0.553365	186
0.525184	186
0.529376	186
0.64613	186
0.667822	186
0.641844	186
0.707136	186
0.562747	186
0.777777	26
0.823899	127
0.781199	186
0.721733	186
0.818267	53
0.618273	186
0.769154	186
0.459148	186
0.709856	186
0.577674	186
0.694824	186
0.722296	186
0.654685	186
0.656938	186
0.626493	186
0.586547	186
0.464449	186
0.714061	76
0.561473	186
0.280382	-1
0.56658	186
0.565737	186
0.531403	186
0.666474	186
0.863136	186
0.548655	186
0.531464	186
0.594651	186
0.423459	186
0.686653	186
0.73752	18
0.587242	186
0.58797	186
0.73723	186
0.597388	186
0.573216	186
0.657847	186
0.540867	186
0.562716	186
0.687799	186
0.689888	186
0.7	18
0.557751	186
0.674919	186
0.795446	186
0.790566	136
0.492669	186
0.547084	186
0.693511	186
0.649232	186
0.774071	18
0.589364	186
0.648125	186
0.667718	186
0.701987	186
0.486832	186
0.617887	186
0.516365	186
0.480444	186
0.689364	186
0.856088	109
0.587427	186
0.448514	186
0.570027	186
0.470835	186
0.774705	186
0.652189	186
0.481712	186
0.63929	186
0.64933	186
0.464381	186
0.445971	186
0.617014	186
0.443542	186
0.578571	186
0.711648	186
0.471565	186
0.328941	186
0.6155	186
0.537576	186
0.606496	186
0.508067	186
0.649499	186
0.641578	186
0.410556	186
0.62267	186
0.759074	186
0.506163	186
0.828644	19
0.654816	186
0.537618	186
0.617053	186
0.564999	186
0.553053	186
0.6388	186
0.680583	186
0.790068	23
0.747581	158
0.554114	186
0.543188	186
0.685402	186
0.549598	186
0.588959	186
0.66975	186
0.518542	186
0.584863	186
0.559238	186
0.551854	186
0.590116	186
0.602283	186
0.616156	186
0.485199	186
0.68011	186
0.685065	186
0.702801	186
0.687892	186
0.556926	186
0.797115	186
0.632866	186
0.492316	186
0.664862	186
0.611495	186
0.602988	186
0.682324	186
0.582039	186
0.477298	186
0.575714	186
0.63275	186
0.886174	113
0.683505	186
0.554457	186
0.589975	186
0.610211	186
0.493392	-1
0.515997	-1
0.505423	186
0.589452	-1
0.625074	-1
0.552017	186
0.614219	186
0.531187	186
0.51898	186
0.821251	87
0.815846	172
0.590467	186
0.516999	186
0.600709	186
0.689345	186
0.556141	186
0.720818	84
0.740562	186
0.557231	186
0.575639	186
0.620243	186
0.53521	186
0.557172	186
0.781721	44
0.655644	186
0.736746	186
0.612192	186
0.576467	186
0.40493	186
0.405247	186
0.361674	186
0.615366	186
0.6128	186
0.35803	186
0.657894	186
0.492545	186
0.523138	186
0.47884	186
0.669711	186
0.571508	186
0.605183	186
0.526761	186
0.614035	186
0.702374	186
0.405275	186
0.539664	186
0.545304	186
0.651525	186
0.620201	186
0.556122	186
0.605405	186
0.442121	186
0.397258	186
0.477455	186
0.580923	186
0.585562	186
0.693186	186
0.569296	186
0.628337	186
0.615788	186
0.528889	186
0.552057	186
0.611256	186
0.451072	186
0.516359	186
0.512996	186
0.70926	186
0.510364	186
0.621724	186
0.49113	186
0.346248	186
0.439921	186
0.509205	186
0.55049	186
0.539268	186
0.553609	186
0.789726	186
0.751489	186
0.68644	186
0.740591	186
0.750127	186
0.615933	186
0.664224	186
0.513642	186
0.672998	186
0.581026	186
0.657085	186
0.81008	38
0.534274	186
0.733022	186
0.727972	186
0.664972	186
0.527254	186
0.414286	186
0.421107	186
0.701793	186
0.890198	186
0.707661	186
0.508467	186
0.633103	186
0.606559	186
0.727352	186
0.631815	186
0.621968	186
0.662091	186
0.738439	12
0.59368	186
0.677456	186
0.499615	186
0.499034	186
0.654863	186
0.589311	186
0.59081	186
0.786909	76
0.627316	186
0.413971	186
0.457346	186
0.544345	186
0.766296	186
0.718078	186
0.549775	186
0.570843	186
0.670171	186
0.624147	186
0.618675	186
0.552731	186
0.871872	64
0.620415	186
0.56429	186
0.75801	186
0.670504	186
0.463371	186
0.514037	186
0.521258	186
0.596146	186
0.666834	186
0.581512	186
0.599346	186
0.574378	186
0.762267	186
0.586459	186
0.660284	186
0.495873	186
0.553788	186
0.654902	186
0.373915	186
0.504268	186
0.504268	186
0.706787	186
0.532427	186
0.438485	186
0.603914	186
0.486003	186
0.605652	186
0.596465	186
0.59901	186
0.731266	44
0.574649	186
0.599221	186
0.541919	186
0.783293	23
0.493381	186
0.523322	186
0.668895	186
0.704904	186
0.584979	186
0.604316	186
0.61207	186
0.292112	186
0.430581	186
0.493607	186
0.688878	186
0.542201	186
0.52605	186
0.497483	186
0.546801	186
0.4764	186
0.587343	186
0.716421	186
0.588261	186
0.538373	186
0.669128	186
0.711159	186
0.651921	186
0.628531	186
0.6201	186
0.838752	186
0.733969	186
0.825297	186
0.824543	76
0.663362	186
0.471882	186
0.476982	186
0.545424	186
0.398357	186
0.743057	-1
0.752917	186
0.58258	186
0.44638	186
0.457056	186
0.527521	186
0.516287	186
0.519373	186
0.66144	186
0.66612	186
0.611304	186
0.59946	186
0.533462	186
0.676296	186
0.66767	186
0.489341	186
0.630002	186
0.566837	186
0.547423	186
0.67337	186
0.718915	186
0.41915	186
0.828689	30
0.699965	5
0.587274	186
0.488777	186
0.741968	186
0.740312	186
0.829915	186
0.539352	186
0.405638	186
0.55781	186
0.465352	186
0.631335	186
0.768858	186
0.509607	186
0.61688	186
0.762994	186
0.571655	186
0.766137	3
0.714439	186
0.717117	186
0.707816	186
0.786684	186
0.626592	186
0.503734	186
0.663077	186
0.68572	186
0.74323	186
0.603586	186
0.629682	186
0.648116	186
0.664664	186
0.641741	186
0.607131	186
0.290033	186
0.732092	186
0.541217	186
0.793418	44
0.480584	186
0.51237	186
0.569537	186
0.541528	186
0.516619	186
0.489784	186
0.447965	186
0.498693	186
0.391214	186
0.447067	186
0.468705	186
0.59956	186
0.625961	186
0.491221	186
0.595541	186
0.572948	186
0.555587	186
0.566778	186
0.48744	186
0.703376	186
0.638443	186
0.380746	186
0.417509	186
0.497658	186
0.417509	186
0.555216	186
0.665359	186
0.500497	186
0.517151	186
0.67499	186
0.6092	186
0.555062	186
0.545078	186
0.563243	186
0.655822	186
0.629766	186
0.723805	186
0.672175	186
0.794979	16
0.734676	186
0.792738	171
0.544924	186
0.659965	186
0.609732	186
0.576302	186
0.604095	186
0.646929	186
0.71879	186
0.772453	186
0.79319	186
0.67015	186
0.668156	186
0.592698	186
0.623708	186
0.764364	71
0.580008	186
0.565214	186
0.70589	186
0.5836	186
0.573642	186
0.540864	186
0.547304	186
0.625587	186
0.545828	186
0.381417	186
0.378589	186
0.485637	186
0.470112	186
0.342136	186
0.371577	186
0.467552	186
0.531733	186
0.654463	186
0.782234	186
0.517155	186
0.640321	186
0.594579	186
0.367115	186
0.721972	186
0.733008	186
0.72914	18
0.576115	186
0.764898	186
0.560423	186
0.751161	186
0.560423	186
0.633457	186
0.686239	186
0.690822	186
0.612246	186
0.809727	127
0.566468	186
0.612548	186
0.657238	186
0.582252	186
0.654997	186
0.562049	186
0.465648	186
0.417163	186
0.732478	186
0.790818	10
0.605134	186
0.838135	171
0.436767	186
0.721693	186
0.638486	186
0.5899	186
0.799484	159
0.721554	186
0.728925	38
0.715645	186
0.808451	186
0.759053	186
0.686854	186
0.666543	186
0.453399	186
0.779383	186
0.618453	186
0.492259	186
0.620569	186
0.384974	186
0.544075	186
0.592621	186
0.339307	186
0.799982	186
0.815144	186
0.40005	186
0.631267	186
0.359275	186
0.660962	186
0.538121	186
0.641339	186
0.758477	186
0.530774	186
0.548851	186
0.615685	186
0.656957	186
0.58458	186
0.672485	186
0.706384	186
0.723552	186
0.764027	186
0.687657	186
0.661133	186
0.769636	186
0.651007	186
0.592728	186
0.730827	186
0.71507	127
0.595868	186
0.58844	186
0.610036	186
0.692503	186
0.610693	186
0.570329	186
0.576989	186
0.443729	186
0.504988	186
0.620378	186
0.587588	186
0.580293	186
0.536473	186
0.552431	186
0.506775	186
0.596671	186
0.667943	-1
0.639981	186
0.488935	186
0.478991	186
0.529337	186
0.460179	186
0.902708	186
0.59856	186
0.818932	117
0.671602	186
0.615618	186
0.705415	186
0.691201	-1
0.562885	186
0.641797	186
0.702431	186
0.47532	186
0.609262	186
0.570362	186
0.583799	186
0.486673	186
0.523481	186
0.340212	186
0.61249	186
0.642858	186
0.796206	-1
0.544584	186
0.585697	186
0.616426	186
0.479507	186
0.518916	186
0.547611	186
0.614219	186
0.531187	186
0.641528	186
0.51898	186
0.895735	76
0.553411	186
0.513248	186
0.593301	186
0.548581	186
0.458504	186
0.62034	186
0.486719	186
0.555837	186
0.551283	186
0.4989	186
0.60854	186
0.47724	186
0.634653	186
0.561324	186
0.651131	186
0.659959	186
0.526566	186
0.527885	186
0.636438	186
0.584397	186
0.41289	186
0.60595	186
0.674893	186
0.547398	186
0.631667	186
0.578686	186
0.659494	186
0.838699	127
0.657073	186
0.693844	186
0.556434	186
0.502462	186
0.767451	186
0.786762	186
0.744815	186
0.562949	186
0.583248	186
0.349934	186
0.457299	186
0.589085	186
0.582425	186
0.369539	186
0.46545	186
0.644268	186
0.519248	186
0.588979	186
0.656236	186
0.544681	186
0.429947	186
0.641666	186
0.674175	186
0.592685	186
0.603307	186
0.59263	186
0.804788	186
0.473966	186
0.424437	186
0.386003	186
0.844113	-1
0.386575	186
0.610953	186
0.677093	186
0.833786	186
0.404923	186
0.624241	186
0.831128	159
0.835858	186
0.762459	186
0.560386	186
0.572673	186
0.682055	186
0.595514	186
0.713389	186
0.56505	186
0.743209	186
0.583363	186
0.656173	186
0.681504	186
0.637037	186
0.645926	186
0.637526	186
0.599233	186
0.635975	186
0.49179	186
0.620148	186
0.577969	186
0.809645	-1
0.660707	186
0.647542	186
0.654322	-1
0.866462	55
0.67922	186
0.599598	186
0.783691	186
0.717125	116
0.508455	186
0.819146	186
0.566345	186
0.8688	109
0.661249	186
0.701249	186
0.743498	186
0.825321	186
0.830511	18
0.812658	186
0.385774	186
0.416677	186
0.510019	186
0.706373	186
0.818768	186
0.467024	186
0.561689	186
0.908401	147
0.621313	186
0.630563	186
0.535465	186
0.886215	154
0.589565	186
0.675502	186
0.57681	186
0.741525	186
0.892768	186
0.477687	186
0.651557	186
0.874741	186
0.818808	186
0.521843	186
0.409528	186
0.582915	186
0.855722	169
0.633365	186
0.702025	186
0.662282	186
0.704394	186
0.592205	186
0.501873	186
0.354917	186
0.668115	186
0.660966	186
0.76046	186
0.532156	186
0.793415	186
0.655062	186
0.756424	186
0.903261	109
0.735238	108
0.693211	186
0.788971	-1
0.643646	186
0.465548	186
0.459993	186
0.595596	186
0.671576	186
0.651587	186
0.620808	186
0.540457	186
0.484061	186
0.593447	186
0.719242	186
0.658491	186
0.61132	186
0.748725	18
0.724408	165
0.668812	186
0.595757	186
0.601371	186
0.823778	154
0.64618	186
0.513988	-1
0.591815	186
0.574314	186
0.57509	186
0.664872	186
0.750029	186
0.655934	186
0.898685	56
0.733691	186
0.888341	186
0.7999	186
0.590583	186
0.465096	186
0.762777	186
0.735406	186
0.436388	186
0.607847	186
0.84643	186
0.670443	186
0.689742	186
0.65255	186
0.659554	186
0.819086	186
0.558578	186
0.56618	186
0.665833	186
0.368902	186
0.617844	186
0.370048	186
0.774332	186
0.670922	186
0.740103	76
0.555056	186
0.689078	186
0.675212	186
0.769661	144
0.471427	-1
0.950136	87
0.737968	186
0.774224	186
0.779858	186
0.432077	186
0.634871	186
0.748312	186
0.818481	186
0.845274	186
0.650895	186
0.637496	186
0.559993	186
0.637292	186
0.797862	23
0.751613	186
0.955556	-1
0.525728	-1
0.590259	186
0.798198	186
0.834537	109
0.699558	186
0.723834	186
0.90041	-1
0.834643	186
0.775578	64
0.718345	186
0.724717	-1
0.870423	92
0.698428	-1
0.495618	186
0.418682	186
0.475892	186
0.834537	-1
0.97529	-1
0.597422	-1
0.69621	186
0.832118	186
0.819078	186
0.885639	116
0.638857	186
0.762882	186
0.894286	186
0.964033	-1
0.772868	96
0.832746	186
0.705674	186
0.8509	23
0.868182	186
0.890489	116
0.81614	-1
0.822354	186
0.571541	-1
0.869781	-1
0.722325	171
0.635415	186
0.63099	186
0.826855	186
0.484135	186
0.619598	186
0.719253	186
0.560936	186
0.526363	186
0.769945	186
0.712079	186
0.474127	186
0.436246	186
0.52871	186
0.592867	186
0.488451	186
0.497807	186
0.689698	186
0.89595	186
0.710303	-1
0.596891	-1
0.513341	-1
0.726248	53
0.549245	186
0.646561	186
0.839689	87
0.676886	186
0.903676	-1
0.80365	32
0.681461	186
0.773673	154
0.646296	186
0.562153	186
0.651763	186
0.509755	186
0.619291	186
0.782152	-1
0.65762	186
1	34
0.652382	186
0.704733	186
0.618679	186
0.908958	98
0.755206	186
0.766721	64
0.439421	186
0.617764	186
0.728895	1
0.797736	53
0.789344	-1
0.853599	-1
0.83134	18
0.696417	-1
0.538769	186
0.761583	186
0.867522	186
0.686841	186
0.717109	186
0.650112	186
0.538244	186
0.562394	186
0.819111	-1
0.744624	-1
0.798467	-1
0.939777	87
0.726611	186
0.633751	186
0.649295	186
0.798221	-1
0.582393	186
0.716619	159
0.547634	186
0.47131	186
0.474575	186
0.586622	186
0.985341	92
0.451343	186
0.556191	186
0.631477	186
0.524816	186
0.717971	186
0.698283	186
0.633836	186
0.625923	186
0.559326	186
0.477853	186
0.889445	144
0.630395	186
0.568041	186
0.784646	23
0.857172	186
0.624738	186
0.585711	186
0.578593	186
0.600436	186
0.744607	186
0.8109	186
0.603186	186
0.624662	186
0.670731	186
0.545421	186
0.632564	186
0.511806	186
0.748695	186
0.92105	151
0.791192	186
0.512321	186
0.679962	186
0.71841	116
0.639153	186
0.706925	186
0.432704	186
0.435759	186
0.612739	186
0.633069	186
0.491946	186
0.471057	186
0.547014	186
0.607318	186
0.654236	186
0.61759	186
0.617442	186
0.615352	186
0.490931	186
0.620301	186
0.717194	186
0.510592	186
0.495229	186
0.601363	186
0.719086	186
0.675584	186
0.826005	186
0.842251	23
0.481493	186
0.604881	186
0.610639	186
0.694119	186
0.733441	186
0.84609	186
0.804541	38
0.630416	186
0.694444	186
0.47082	186
0.617221	186
0.480775	186
0.641869	186
0.648361	186
0.66576	186
0.472001	186
0.918457	-1
0.6711	186
0.4784	-1
0.939146	16
0.414122	186
0.357914	186
0.365532	186
0.665426	186
0.656892	186
0.66766	186
0.586556	186
0.624006	186
0.506705	186
0.600714	186
0.47033	186
0.737709	186
0.758705	82
0.761244	186
0.729052	186
0.715905	1
0.700575	186
0.525533	186
0.478853	186
0.69258	186
0.734437	122
0.461735	186
0.638422	186
0.53972	186
0.46157	186
0.719815	186
0.588914	186
0.561945	186
0.652247	186
0.555532	186
0.807337	186
0.751619	186
0.685837	186
0.742182	186
0.453234	186
0.736875	186
0.560428	186
0.549492	186
0.572295	186
0.530067	186
0.420457	186
0.640077	186
0.890205	186
0.417036	186
0.703905	186
0.74408	186
0.540203	186
0.679901	186
0.513118	186
0.55225	186
0.631929	186
0.370733	186
0.701497	186
0.59918	186
0.371506	186
0.522724	186
0.836846	26
0.729688	186
0.739581	186
0.717041	186
0.601725	186
0.694656	186
0.599621	186
0.530761	186
0.63862	186
0.78775	27
0.603948	186
0.762967	186
0.471215	186
0.588638	186
0.655566	186
0.663168	186
0.484173	186
0.58664	186
0.650233	186
0.636134	186
0.525592	186
0.583302	186
0.63859	186
0.639147	186
0.49813	186
0.545196	186
0.64987	186
0.593642	186
0.609903	186
0.656016	186
0.72617	-1
0.566154	186
0.682929	186
0.42613	186
0.708035	186
0.748433	186
0.722899	8
0.430068	186
0.703302	44
0.690732	186
0.607906	186
0.699579	186
0.833478	127
0.81137	136
0.618203	186
0.563429	186
0.4935	186
0.66585	186
0.3831	186
0.628319	186
0.604322	186
0.646459	186
0.589743	186
0.629859	186
0.642579	186
0.596624	186
0.557244	186
0.735495	186
0.537827	186
0.699	186
0.762053	186
0.491055	186
0.479305	186
0.686568	186
0.465659	186
0.631723	186
0.645356	186
0.670015	186
0.539867	186
0.647247	186
0.581859	186
0.799423	186
0.72922	18
0.608178	186
0.665594	186
0.701771	18
0.611357	186
0.555432	186
0.517758	186
0.528675	186
0.530577	186
0.419733	186
0.620964	186
0.640691	186
0.529118	186
0.387765	186
0.473844	186
0.569574	186
0.519225	186
0.553716	186
0.595077	186
0.698615	186
0.749834	186
0.60337	186
0.802448	95
0.818943	71
0.548243	186
0.827467	71
0.490921	186
0.720946	186
0.731457	186
0.790105	186
0.774173	186
0.502896	186
0.392133	186
0.521981	186
0.730698	186
0.567152	186
0.583003	186
0.749538	186
0.183748	186
0.690194	186
0.660815	186
0.676014	186
0.697711	186
0.694612	186
0.720156	-1
0.733698	186
0.766904	123
0.821843	40
0.717768	186
0.785065	186
0.577396	186
0.576497	186
0.684433	186
0.759134	186
0.348835	186
0.634286	186
0.538932	186
0.643945	186
0.834113	186
0.740611	186
0.670373	186
0.48644	186
0.693483	186
0.692633	186
0.521232	186
0.672128	186
0.696782	186
0.92652	186
0.442914	186
0.583985	186
0.968182	109
0.77405	18
0.648907	186
0.638714	186
0.530902	186
0.671685	186
0.662269	186
0.753235	186
0.465468	186
0.752946	186
0.693791	186
0.711464	186
0.672404	186
0.762126	186
0.69416	186
0.848474	127
0.742271	186
0.583065	186
0.548476	186
0.72913	186
0.608164	186
0.481234	186
0.732454	136
0.679328	186
0.536158	186
0.731801	186
0.584475	36
0.559807	186
0.624914	186
0.719471	186
0.626583	186
0.847467	186
0.711674	186
0.691572	186
0.67207	186
0.606918	186
0.658478	186
0.627343	186
0.502609	186
0.764404	186
0.703423	186
0.60043	186
0.704901	186
0.497286	186
0.856427	186
0.647828	186
0.943322	76
0.384925	186
0.405209	186
0.637371	186
0.707684	186
0.632384	186
0.557802	186
0.847315	64
0.636528	186
0.684563	186
0.567617	186
0.652902	186
0.658958	186
0.792071	186
0.618444	186
0.553189	186
0.483351	186
0.743231	179
0.598215	186
0.7511	113
0.638373	186
0.566469	186
0.726511	186
0.533169	186
0.442443	186
0.513506	186
0.555815	186
0.585784	186
0.415091	186
0.463432	186
0.739054	7
0.641999	186
0.682701	186
0.903884	40
0.451834	186
0.50565	-1
0.393696	186
0.584653	186
0.441069	186
0.592586	186
0.821831	-1
0.494514	186
0.586925	186
0.551822	186
0.55478	186
0.535722	186
0.663681	186
0.533338	186
0.745777	172
0.789704	18
0.559903	186
0.536526	186
0.575008	186
0.496337	186
0.632519	186
0.712191	186
0.61802	186
0.405094	186
0.705879	18
0.561476	186
0.594156	186
0.531628	186
0.640811	186
0.769906	10
0.548239	186
0.577288	186
0.819013	26
0.559127	186
0.834586	24
0.745542	18
0.766085	24
0.59311	186
0.812892	186
0.503171	186
0.499616	186
0.314462	186
0.62657	186
0.493406	186
0.520271	186
0.734615	186
0.606252	186
0.646757	186
0.592686	186
0.719156	186
0.63975	186
0.607496	186
0.526071	186
0.624686	186
0.546563	186
0.440012	186
0.82328	186
0.458446	186
0.777835	186
0.605957	186
0.613357	186
0.549188	186
0.508767	186
0.410651	186
0.420765	186
0.509616	186
0.587829	186
0.737655	186
0.649907	186
0.829613	186
0.654337	186
0.729499	186
0.502375	186
0.421451	186
0.725916	-1
0.795407	19
0.822883	171
0.69373	186
0.709568	186
0.552232	186
0.637562	186
0.613299	186
0.634272	186
0.66558	186
0.88273	186
0.843782	-1
0.891054	-1
0.857278	186
0.706393	-1
0.694835	186
0.756373	186
0.728236	186
0.828954	186
0.806818	186
0.315137	186
0.969102	70
0.315137	186
0.539977	186
0.562931	186
0.636779	186
0.512307	186
0.426094	186
0.548206	186
0.61329	186
0.474852	186
0.4679	186
0.514874	186
0.510195	186
0.821831	186
0.642238	186
0.624582	186
0.617842	186
0.461814	186
0.56066	186
0.575499	186
0.551875	-1
0.543691	186
0.717382	116
0.488977	186
0.768847	44
0.604532	186
0.839688	18
0.639023	186
0.429397	186
0.402149	186
0.384606	186
0.379712	186
0.36262	186
0.491923	-1
0.446353	-1
0.470756	-1
0.456607	-1
0.753979	26
0.886445	-1
0.486498	186
0.557694	186
0.636656	186
0.919481	-1
0.40379	186
0.85204	53
0.46203	186
0.513309	186
0.587357	186
0.563976	186
0.468826	186
0.775305	186
0.757855	19
0.722662	186
0.588968	186
0.654516	-1
0.654516	-1
0.47312	-1
0.587795	186
0.496073	-1
0.609227	186
0.678974	186
0.62262	186
0.710756	186
0.783002	105
0.662662	186
0.552904	186
0.539174	186
0.631653	186
0.931332	123
0.777002	186
0.746486	186
0.808348	107
0.64998	186
0.561463	186
0.713769	107
0.706642	186
0.626227	186
0.855866	186
0.715685	60
0.678701	186
0.283015	186
0.753914	19
0.579143	186
0.439922	186
0.628305	186
0.564466	186
0.812436	-1
0.55558	186
0.653016	186
0.430536	186
0.592907	186
0.71483	186
0.775588	149
0.394576	186
0.383532	186
0.563953	-1
0.550462	186
0.520525	186
0.599822	186
0.544629	186
0.595874	186
0.566894	186
0.763353	62
0.425073	-1
0.554878	186
0.709458	186
0.782925	186
0.846124	-1
0.505928	186
0.765077	23
0.836	87
0.587844	186
0.55708	186
0.786918	-1
0.628844	186
0.602274	186
0.493694	-1
0.539388	186
0.715252	186
0.474493	186
0.373348	186
0.537977	186
0.654263	186
0.555985	186
0.733333	186
0.498087	186
0.568103	186
0.630676	186
0.450968	186
0.721141	186
0.709813	186
0.48761	186
0.278941	186
0.870901	-1
0.59278	186
0.784265	186
0.72054	27
