0.734934	11
0.737739	151
0.493824	186
0.52221	186
0.778018	25
0.792316	151
0.725499	151
0.743747	151
0.457384	186
0.473411	186
0.566415	186
0.518791	186
0.734948	10
0.636568	186
0.558553	186
0.576314	186
0.356586	186
0.783843	23
0.918448	-1
0.835216	76
0.739798	113
0.727031	33
0.727031	33
0.732567	113
0.683317	186
0.89223	109
0.819174	62
0.760271	112
0.739035	76
0.22343	186
0.755797	106
0.588974	186
0.590194	186
0.576889	186
0.661164	186
0.586854	186
0.583172	186
0.625479	186
0.680094	186
0.668856	186
0.627378	186
0.514716	186
0.520236	186
0.656405	186
0.556965	186
0.33088	186
0.737739	151
0.493824	186
0.52221	186
0.792316	151
0.725499	151
0.743747	151
0.457384	186
0.473411	186
0.566415	186
0.518791	186
0.734948	10
0.636568	186
0.558553	186
0.576887	186
0.356586	186
0.677366	25
0.783834	23
0.918436	-1
0.835216	76
0.739798	113
0.727016	33
0.727016	33
0.732567	113
0.683317	186
0.89223	109
0.819174	62
0.760271	112
0.739023	76
0.22343	186
0.755797	106
0.588938	186
0.590194	186
0.576889	186
0.661164	186
0.586854	186
0.583164	186
0.625479	186
0.680082	186
0.668845	186
0.627378	186
0.600914	38
0.509201	186
0.520201	186
0.65637	186
0.556965	186
0.330852	186
0.482044	186
0.595542	186
0.594516	122
0.690581	186
0.603874	186
0.545237	186
0.591688	186
0.726596	186
0.823209	27
0.670449	186
0.724514	186
0.595279	186
0.683344	186
0.506663	186
0.590106	186
0.489448	186
0.633425	186
0.529018	186
0.604619	186
0.619237	186
0.69027	186
0.610992	186
0.619947	186
0.611674	186
0.661535	-1
0.722718	39
0.73548	76
0.703986	38
0.655422	186
0.517698	-1
0.509917	-1
0.902911	18
0.908486	33
0.815248	186
0.608227	186
0.598609	186
0.781518	113
0.812416	186
0.823077	116
0.607901	186
0.553865	186
0.709839	186
0.674969	186
0.700078	186
0.821165	186
0.885285	186
0.891535	33
0.663424	186
0.897479	18
0.747887	186
0.795649	18
0.570038	186
0.648876	186
0.532945	186
0.575333	186
0.753305	19
0.721531	144
0.693204	186
0.714306	186
0.552617	186
0.703532	186
0.65986	186
0.642695	186
0.490228	186
0.60529	186
0.602685	186
0.812442	186
0.778986	102
0.858705	186
0.746969	105
0.815153	102
0.563723	186
0.80023	154
0.465206	186
0.618763	186
0.497399	186
0.607198	186
0.679507	186
0.642369	186
0.635978	186
0.561016	186
0.520672	186
0.535772	186
0.524475	186
0.765926	23
0.42385	186
0.551293	186
0.742852	38
0.630525	186
0.683854	186
0.429213	186
0.709157	186
0.761376	76
0.747006	186
0.727448	186
0.674704	186
0.749063	165
0.327254	186
0.301314	186
0.52782	186
0.443702	186
0.563913	186
0.573688	186
0.75022	186
0.738665	39
0.725267	186
0.553601	186
0.690762	186
0.64396	186
0.787068	186
0.652716	186
0.653304	186
0.582661	186
0.595298	186
0.626635	186
0.645056	186
0.53601	186
0.618822	186
0.607307	186
0.549769	186
0.64424	186
0.824156	186
0.707864	186
0.687528	186
0.575163	186
0.765734	186
0.637595	186
0.531751	186
0.540451	186
0.706729	186
0.514711	186
0.797718	38
0.557823	186
0.611878	186
0.61592	186
0.614838	186
0.700637	186
0.390936	186
0.832436	76
0.445766	186
0.536617	186
0.619221	186
0.564515	186
0.733739	186
0.49798	186
0.550062	186
0.713267	27
0.631468	186
0.54302	186
0.495261	186
0.521272	186
0.638596	186
0.725689	186
0.832028	186
0.736032	186
0.331604	186
0.317697	186
0.532595	186
0.582554	186
0.855056	56
0.727439	12
0.689667	186
0.61944	186
0.531299	186
0.564588	186
0.491854	186
0.612577	186
0.606931	186
0.731648	116
0.711714	186
0.427893	186
0.711136	186
0.557123	186
0.62263	186
0.486793	186
0.484807	186
0.739005	186
0.723144	186
0.531836	186
0.837984	186
0.748438	56
0.601599	186
0.484437	186
0.419885	186
0.489764	186
0.50701	186
0.584931	186
0.753231	80
0.797719	38
0.73206	106
0.445322	186
0.684177	186
0.719322	186
0.624696	186
0.569137	186
0.563541	186
0.711114	186
0.688156	186
0.504596	186
0.492557	186
0.563715	186
0.640522	186
0.556587	186
0.559519	186
0.716332	8
0.792404	10
0.546501	186
0.61325	186
0.76357	112
0.808668	23
0.715385	186
0.582346	186
0.802954	8
0.566205	186
0.607107	-1
0.7141	186
0.500037	186
0.564377	186
0.817746	11
0.804609	71
0.862088	155
0.665379	186
0.642168	186
0.641692	186
0.46423	186
0.762185	48
0.519556	186
0.393509	186
0.422294	186
0.463828	186
0.477613	186
0.485017	186
0.399044	186
0.56422	186
0.612346	186
0.42056	186
0.833519	38
0.749585	186
0.452165	186
0.578694	186
0.702142	186
0.687927	186
0.653362	186
0.668668	186
0.782949	186
0.586805	186
0.671502	186
0.700704	186
0.539239	186
0.684963	186
0.61626	186
0.696688	186
0.770797	186
0.683549	186
0.667908	186
0.672413	186
0.6567	186
0.521782	186
0.643219	186
0.526834	186
0.515227	186
0.502686	186
0.577735	186
0.519571	186
0.619049	186
0.541813	186
0.778751	53
0.601016	186
0.457965	186
0.527202	186
0.566083	186
0.612945	186
0.586786	186
0.574674	186
0.574818	186
0.756107	186
0.750804	186
0.584113	186
0.618565	186
0.786463	38
0.710793	186
0.730811	56
0.685583	186
0.296337	186
0.857834	186
0.497386	186
0.285614	186
0.380407	186
0.72053	186
0.733278	186
0.777859	186
0.763105	53
0.735623	186
0.728246	186
0.592443	186
0.606565	186
0.791099	11
0.721402	186
0.776239	186
0.800158	11
0.905401	23
0.823811	186
0.900121	19
0.7894	127
0.833563	27
0.797402	64
0.627373	186
0.51426	186
0.489219	186
0.437438	186
0.492691	186
0.68711	186
0.572818	186
0.553346	186
0.454554	186
0.729443	186
0.580706	186
0.686689	186
0.696116	186
0.536056	186
0.636298	186
0.549794	186
0.468264	186
0.507019	186
0.443078	186
0.344549	186
0.716119	186
0.61942	186
0.636322	186
0.599248	186
0.740619	186
0.633859	186
0.599336	186
0.54852	186
0.562944	186
0.602644	186
0.778139	108
0.742311	186
0.520078	186
0.485415	186
0.582433	186
0.568095	186
0.626037	186
0.670066	186
0.763477	186
0.640383	186
0.758337	8
0.358298	186
0.602447	186
0.451846	186
0.445519	186
0.398538	186
0.753231	23
0.799827	38
0.707751	186
0.578213	122
0.690268	186
0.52027	186
0.825646	8
0.77633	56
0.655186	186
0.781432	54
0.699032	186
0.760942	23
0.763776	186
0.552799	186
0.760549	96
0.693312	186
0.81475	38
0.652631	186
0.755911	186
0.790268	55
0.7058	186
0.591904	186
0.773122	38
0.73897	186
0.807174	64
0.609491	186
0.740151	23
0.769476	23
0.556838	186
0.712969	186
0.757006	159
0.490103	186
0.419155	186
0.407756	186
0.41161	186
0.477197	186
0.749752	186
0.693697	186
0.545525	186
0.616333	186
0.845473	38
0.795713	113
0.409423	186
0.74959	186
0.712167	186
0.468466	186
0.568047	186
0.746077	56
0.579681	186
0.568756	186
0.75704	186
0.589924	186
0.615274	186
0.547278	186
0.568937	186
0.622622	186
0.600495	186
0.768431	186
0.696732	186
0.778542	27
0.744696	56
0.627383	186
0.700983	186
0.678147	186
0.576913	186
0.724567	38
0.738339	70
0.499598	186
0.452063	186
0.648686	186
0.461587	186
0.49344	186
0.641396	186
0.693977	186
0.664983	186
0.812134	186
0.83295	186
0.722721	186
0.709481	186
0.750639	186
0.629874	186
0.632556	186
0.562975	186
0.614517	186
0.87823	38
0.832551	38
0.76671	186
0.669551	186
0.629757	186
0.637631	186
0.669293	186
0.81354	76
0.603163	186
0.588041	186
0.711609	80
0.654747	186
0.605186	186
0.444748	186
0.608166	186
0.743289	174
0.840068	18
0.805723	64
0.459009	186
0.614525	186
0.712556	186
0.663405	186
0.47511	186
0.521604	186
0.700541	186
0.656707	186
0.627572	186
0.647806	186
0.720113	186
0.591638	186
0.743479	186
0.719153	186
0.697793	186
0.764947	8
0.703391	23
0.701688	186
0.625438	186
0.782543	186
0.655322	186
0.48219	186
0.798839	38
0.737156	186
0.464084	186
0.380807	186
0.378494	186
0.669285	186
0.547984	186
0.543847	186
0.623633	186
0.647945	186
0.485701	186
0.523642	186
0.316187	186
0.603263	186
0.567906	186
0.624666	186
0.393771	56
0.422733	186
0.362387	186
0.581244	186
0.422733	186
0.362387	186
0.659816	186
0.629753	186
0.799497	186
0.75208	23
0.623921	186
0.652929	186
0.573441	186
0.538679	186
0.505466	186
0.803783	95
0.356488	186
0.487432	186
0.444719	186
0.674758	186
0.551237	186
0.596366	186
0.528122	186
0.656226	186
0.513182	186
0.400705	186
0.53787	186
0.761238	165
0.817588	159
0.505839	186
0.4607	186
0.452629	186
0.566872	186
0.630484	186
0.792084	19
0.771121	19
0.582745	186
0.77974	27
0.790203	115
0.659843	186
0.676108	186
0.831602	159
0.394472	186
0.487521	186
0.63797	186
0.21424	186
0.524987	186
0.399511	186
0.625269	186
0.402032	186
0.437774	186
0.443573	186
0.57303	186
0.752275	186
0.685306	186
0.428369	186
0.552763	186
0.507997	186
0.565858	186
0.353057	186
0.486885	186
0.626809	186
0.610963	186
0.510246	186
0.662222	186
0.584374	186
0.673016	186
0.679247	186
0.638399	186
0.425136	186
0.377886	186
0.349287	186
0.51927	186
0.689684	186
0.51765	186
0.742445	186
0.811365	186
0.661222	186
0.584753	186
0.772708	159
0.59836	186
0.625954	186
0.603703	186
0.781208	107
0.821451	186
0.737664	40
0.863876	87
0.720882	186
0.732845	186
0.347609	186
0.413912	186
0.646763	186
0.506302	186
0.251161	186
0.564724	186
0.564802	186
0.622683	186
0.384106	186
0.392187	186
0.718621	186
0.713684	186
0.712479	56
0.466399	186
0.428865	186
0.615725	186
0.42143	186
0.750635	18
0.563186	186
0.575474	186
0.51189	186
0.476499	186
0.555269	186
0.548771	171
0.408752	186
0.542356	186
0.700535	186
0.602744	186
0.668773	186
0.72988	11
0.547438	186
0.500775	186
0.49994	186
0.528041	186
0.583201	186
0.565227	186
0.611503	186
0.499596	186
0.486147	186
0.435743	186
0.639055	186
0.389314	186
0.446212	186
0.436602	186
0.450687	186
0.580198	186
0.785689	38
0.433015	186
0.492533	186
0.62097	186
0.579369	186
0.677935	186
0.41722	186
0.366622	186
0.560767	186
0.579399	186
0.461502	186
0.773987	13
0.711569	186
0.596078	186
0.728248	23
0.792386	13
0.39349	186
0.696736	186
0.517035	186
0.704504	186
0.807932	116
0.741612	116
0.656919	186
0.65081	186
0.688626	186
0.606795	186
0.544335	186
0.547205	186
0.829151	26
0.504855	186
0.745907	186
0.820253	76
0.732625	186
0.676419	186
0.662246	186
0.809693	76
0.480668	186
0.589797	186
0.713541	186
0.815992	186
0.728848	186
0.74189	186
0.396064	186
0.418688	186
0.553152	186
0.590978	186
0.805101	18
0.8635	18
0.447661	186
0.478298	186
0.593574	186
0.552103	186
0.595225	186
0.588919	186
0.543778	186
0.565224	186
0.446985	186
0.442683	186
0.473944	186
0.583844	186
0.693318	186
0.7173	127
0.734219	186
0.710518	186
0.496298	186
0.764979	186
0.827538	186
0.582117	186
0.476606	186
0.556512	186
0.646763	186
0.388763	186
0.661052	186
0.964706	186
0.291447	186
0.785001	115
0.705675	186
0.791199	186
0.773276	23
0.739411	151
0.833884	62
0.69381	186
0.717301	127
0.699921	186
0.783954	129
0.857942	27
0.677017	186
0.744308	186
0.783519	184
0.77822	184
0.806237	53
0.683047	186
0.7342	30
0.761051	55
0.588096	186
0.622916	-1
0.32012	-1
0.663125	-1
0.865236	33
0.361384	-1
0.608624	-1
0.873282	186
0.506915	186
0.763713	186
0.716593	186
0.832474	55
0.843392	33
0.459937	186
0.854717	55
0.468898	186
0.693271	186
0.809693	76
0.819062	55
0.74732	186
0.770943	186
0.677806	186
0.741544	186
0.279386	186
0.527976	186
0.336861	186
0.513895	186
0.501194	186
0.56037	186
0.430229	186
0.761364	186
0.45775	186
0.594026	186
0.34168	186
0.458469	186
0.601129	186
0.572704	186
0.459401	186
0.713673	186
0.46062	186
0.69334	186
0.60034	186
0.617283	186
0.71518	186
0.557813	186
0.725604	19
0.70903	44
0.79584	115
0.471412	186
0.431358	186
0.72799	186
0.649569	186
0.600154	186
0.753337	155
0.617904	186
0.560694	186
0.529408	186
0.6742	186
0.882868	23
0.522126	186
0.626463	186
0.652495	186
0.590311	186
0.558088	186
0.492756	186
0.547506	186
0.457753	186
0.69368	186
0.633818	186
0.934425	5
0.546742	186
0.447379	186
0.675306	186
0.727375	186
0.698062	186
0.802535	186
0.840508	16
0.684007	186
0.657145	186
0.589982	186
0.461972	186
0.452839	186
0.579445	186
0.629384	171
0.389704	186
0.456068	186
0.713597	186
0.781291	76
0.758782	186
0.535487	186
0.510774	186
0.540874	186
0.613401	186
0.331559	186
0.743105	12
0.869545	186
0.578778	186
0.535286	186
0.457426	186
0.451096	186
0.625553	186
0.486447	186
0.740227	186
0.643509	186
0.60901	186
0.736109	186
0.82099	186
0.306441	186
0.314334	186
0.602611	186
0.55271	186
0.545158	186
0.654497	186
0.547395	186
0.53311	186
0.382776	186
0.376952	186
0.719187	186
0.499648	186
0.615018	186
0.697031	186
0.593684	186
0.702033	186
0.464332	186
0.449101	186
0.442824	186
0.788978	58
0.518416	186
0.632269	186
0.66763	186
0.524948	186
0.671413	186
0.740472	186
0.650083	186
0.621188	186
0.663239	186
0.717406	186
0.659145	186
0.595455	186
0.535763	186
0.484105	186
0.384129	186
0.553566	186
0.853574	11
0.76346	5
0.627268	186
0.548793	186
0.541798	37
0.749182	186
0.446756	186
0.469589	186
0.626985	186
0.519061	186
0.67165	186
0.661391	186
0.701233	186
0.552172	186
0.610097	186
0.709886	186
0.581059	186
0.782834	186
0.767161	151
0.735322	159
0.661152	186
0.400128	186
0.568469	186
0.553713	186
0.510538	186
0.510228	186
0.650627	186
0.589734	186
0.560853	186
0.478833	186
0.477971	186
0.83342	8
0.526888	186
0.398291	186
0.747571	186
0.56159	186
0.534996	186
0.524923	186
0.545469	186
0.512098	186
0.470135	186
0.544715	186
0.660508	186
0.561884	186
0.581559	186
0.528762	186
0.710435	186
0.595482	186
0.480001	186
0.752521	19
0.515722	186
0.512923	186
0.746053	23
0.66367	186
0.781254	18
0.789354	33
0.474851	186
0.489904	186
0.292518	186
0.51837	186
0.401122	186
0.527849	186
0.618889	186
0.512248	186
0.77926	95
0.616092	186
0.403993	186
0.460067	186
0.750795	186
0.547907	186
0.316218	186
0.771699	186
0.544898	186
0.343691	186
0.428123	186
0.470412	186
0.371871	186
0.500483	186
0.574721	186
0.487236	186
0.466223	186
0.568089	186
0.696867	186
0.676904	53
0.561949	186
0.726316	186
0.447301	186
0.778916	38
0.648272	186
0.769317	-1
0.539673	186
0.839	18
0.51673	186
0.732001	159
0.56817	186
0.513831	186
0.698558	186
0.502699	186
0.614414	186
0.649485	186
0.688181	186
0.782624	11
0.766863	18
0.284501	186
0.61551	186
0.714997	13
0.538242	186
0.643233	-1
0.652842	186
0.563228	186
0.808742	11
0.345094	186
0.552802	186
0.708481	8
0.665296	186
0.705455	186
0.476369	186
0.602891	186
0.640097	186
0.662474	186
0.499967	186
0.395496	186
0.753439	116
0.499821	186
0.4505	186
0.637308	186
0.695547	39
0.486887	186
0.591116	186
0.448684	186
0.782447	26
0.657056	186
0.520227	186
0.785787	26
0.270432	186
0.70707	122
0.528419	186
0.707183	19
0.469424	186
0.649028	186
0.638608	186
0.769564	-1
0.837843	62
0.407865	186
0.545414	186
0.550007	186
0.658673	186
0.654004	186
0.880981	23
0.764672	186
0.473513	186
0.538541	186
0.48423	186
0.46749	186
0.45813	186
0.498073	186
0.579945	186
0.493392	186
0.553922	186
0.789091	58
0.816679	114
0.546223	186
0.802917	171
0.656054	186
0.387596	186
0.379583	186
0.315411	186
0.614455	186
0.706625	84
0.52308	186
0.538636	186
0.783533	2
0.788653	114
0.668832	186
0.463114	186
0.511606	186
0.685357	186
0.508179	186
0.815855	5
0.784863	72
0.506742	186
0.691997	186
0.537101	186
0.500249	186
0.657169	186
0.523174	186
0.522013	186
0.514377	186
0.541217	186
0.473273	186
0.760785	159
0.412036	186
0.441858	186
0.635072	186
0.462267	186
0.582849	186
0.464367	186
0.477478	186
0.696341	186
0.528518	186
0.457911	186
0.645403	186
0.571408	186
0.596462	186
0.488281	186
0.462143	186
0.573418	186
0.552183	186
0.682427	186
0.544648	186
0.520368	186
0.447995	186
0.662212	186
0.754069	1
0.778493	8
0.771594	140
0.739249	114
0.730963	18
0.653871	186
0.827326	128
0.842951	186
0.783206	143
0.794921	159
0.601758	186
0.559216	186
0.750291	19
0.83955	186
0.443265	186
0.541683	186
0.479271	186
0.627689	186
0.655531	186
0.519891	71
0.603091	71
0.53094	186
0.603415	186
0.778719	19
0.596424	186
0.704998	186
0.726251	186
0.644885	186
0.669143	186
0.68597	-1
0.564516	186
0.513919	186
0.60446	186
0.685865	186
0.50913	186
0.650789	186
0.635428	186
0.437897	186
0.575533	186
0.635606	186
0.674465	186
0.878398	141
0.673255	186
0.731524	5
0.731259	151
0.790181	186
0.469734	186
0.797542	9
0.755395	184
0.761642	151
0.598401	186
0.597106	186
0.712038	116
0.792708	186
0.619983	186
0.736446	159
0.536472	186
0.584007	186
0.681681	186
0.74894	186
0.540946	186
0.55338	186
0.755713	56
0.733221	116
0.663662	186
0.600828	186
0.559313	186
0.449046	186
0.418723	186
0.412187	186
0.423019	186
0.390701	186
0.636264	186
0.429087	186
0.594055	186
0.43259	186
0.617697	186
0.620333	186
0.633547	186
0.600133	186
0.523042	186
0.518472	186
0.683237	186
0.691262	186
0.54708	186
0.638527	186
0.728985	10
0.754926	-1
0.637738	186
0.65659	186
0.804383	104
0.834398	19
0.536114	186
0.652789	186
0.822262	151
0.712817	186
0.746442	186
0.593888	186
0.535	-1
0.578206	186
0.775602	186
0.560801	186
0.701227	186
0.781417	95
0.833929	8
0.85473	176
0.889863	114
0.617886	186
0.79241	184
0.790626	16
0.843465	71
0.836064	88
0.573888	186
0.769953	178
0.564464	186
0.33287	186
0.708254	1
0.822635	102
0.66788	186
0.833874	171
0.785412	11
0.559679	186
0.701855	186
0.731532	186
0.836316	23
0.780229	23
0.714175	186
0.612425	186
0.602345	186
0.837068	-1
0.465672	186
0.727983	117
0.711646	186
0.76327	186
0.496899	186
0.608164	186
0.630807	186
0.417039	186
0.483678	186
0.511392	186
0.768677	62
0.821364	23
0.615373	186
0.610134	186
0.618075	186
0.36395	186
0.829176	87
0.748951	165
0.551907	186
0.573949	186
0.580235	186
0.865169	109
0.809756	151
0.726797	186
0.775783	38
0.735644	186
0.909021	-1
0.282972	186
0.538099	186
0.525719	186
0.639917	186
0.568825	186
0.516267	186
0.523024	186
0.449026	186
0.463926	186
0.575791	186
0.47476	-1
0.582513	-1
0.647467	186
0.635624	186
0.338996	186
0.57311	186
0.810663	19
0.589502	186
0.673413	186
0.523872	186
0.826924	18
0.827717	186
0.577262	186
0.41464	186
0.711782	186
0.770482	1
0.680832	186
0.591253	186
0.817591	24
0.797221	8
0.751816	24
0.783184	71
0.355547	186
0.50285	186
0.583286	186
0.657424	186
0.605374	186
0.71551	186
0.55282	186
0.588941	186
0.616839	186
0.760927	186
0.68991	186
0.470723	186
0.659431	186
0.570961	186
0.529352	186
0.55024	186
0.589557	186
0.47236	186
0.453962	186
0.79633	76
0.638027	186
0.763221	70
0.774597	-1
0.811869	-1
0.789505	26
0.803954	26
0.728405	186
0.6897	186
0.695541	186
0.540071	186
0.792758	186
0.79715	186
0.768072	186
0.822542	26
0.505341	186
0.846016	26
0.651534	186
0.500176	186
0.692578	186
0.701919	186
0.719908	186
0.618231	186
0.718476	186
0.619965	186
0.456143	186
0.651231	186
0.627549	186
0.776208	26
0.633541	186
0.732774	186
0.807102	26
0.85544	55
0.799989	26
0.580814	186
0.861202	84
0.560659	186
0.591057	186
0.585517	186
0.634137	186
0.504126	186
0.648009	186
0.661745	186
0.61306	186
0.621982	186
0.650028	186
0.675704	186
0.698204	186
0.774962	186
0.639612	186
0.623849	186
0.646801	186
0.578848	186
0.760496	186
0.663787	186
0.532326	186
0.556361	186
0.778494	38
0.725822	186
0.747827	186
0.42853	186
0.497247	186
0.524699	186
0.441366	186
0.474637	186
0.508137	186
0.394041	186
0.501	186
0.554046	186
0.845526	26
0.852395	26
0.756188	44
0.62244	186
0.684247	186
0.656617	186
0.697939	186
0.736232	184
0.75767	36
0.806325	16
0.358916	186
0.451954	186
0.643088	186
0.594251	186
0.71617	186
0.654442	186
0.42914	186
0.748436	186
0.605041	186
0.465888	186
0.475352	186
0.62638	186
0.61164	186
0.708231	76
0.542723	186
0.572105	186
0.741923	186
0.696212	186
0.519717	56
0.817708	186
0.673731	186
0.748015	186
0.726807	26
0.748025	107
0.722976	26
0.821827	18
0.776612	186
0.665378	155
0.771663	26
0.769923	26
0.815157	186
0.401987	186
0.586755	186
0.567134	186
0.645887	186
0.56769	186
0.52255	186
0.599106	186
0.644165	186
0.494899	186
0.364289	186
0.360667	186
0.422266	186
0.755751	89
0.755755	1
0.44701	-1
0.622437	186
0.553055	186
0.54643	186
0.802127	125
0.660334	186
0.641527	186
0.796321	127
0.6842	186
0.749927	70
0.695063	186
0.600513	186
0.706269	186
0.793558	186
0.782041	186
0.714518	186
0.834931	186
0.738408	186
0.381588	186
0.681426	186
0.465038	186
0.487629	186
0.466646	186
0.473873	186
0.542808	186
0.559042	186
0.546863	186
0.625317	186
0.630283	186
0.504787	186
0.501702	186
0.431344	186
0.416118	186
0.64948	186
0.496071	186
0.529572	186
0.888172	147
0.577577	186
0.586265	186
0.510729	186
0.603562	186
0.440518	186
0.707961	186
0.579502	186
0.714817	186
0.592513	186
0.512632	186
0.553457	186
0.521596	186
0.610857	186
0.66884	186
0.704799	186
0.584847	186
0.493201	186
0.523074	186
0.489081	-1
0.515058	-1
0.504801	186
0.589056	-1
0.59765	-1
0.624676	-1
0.746669	186
0.630245	186
0.697552	70
0.412828	186
0.509922	186
0.857813	186
0.526671	186
0.736301	111
0.735693	186
0.744187	186
0.705836	186
0.744179	26
0.533287	186
0.733776	186
0.540069	186
0.565303	186
0.62036	186
0.711444	140
0.874197	13
0.719369	186
0.542362	186
0.652965	186
0.714489	186
0.481683	186
0.528693	186
0.667772	186
0.84124	87
0.784749	186
0.809633	76
0.768678	23
0.749652	26
0.724012	186
0.521576	186
0.780302	140
0.770248	26
0.613061	186
0.427126	186
0.719377	186
0.539863	186
0.604577	186
0.676002	186
0.650385	186
0.822476	186
0.787759	114
0.749757	1
0.588931	186
0.413278	186
0.48827	186
0.59844	186
0.67648	186
0.538951	186
0.436351	186
0.550945	186
0.523966	186
0.529504	186
0.676927	186
0.646043	186
0.667524	186
0.595705	186
0.711022	186
0.641594	186
0.703128	186
0.746376	155
0.671567	186
0.707051	186
0.816874	155
0.68334	186
0.556479	186
0.520518	186
0.728126	12
0.554979	186
0.783522	26
0.533425	186
0.597701	186
0.579396	186
0.692944	-1
0.562701	186
0.804808	2
0.760187	23
0.62521	186
0.602826	186
0.623318	186
0.630759	186
0.777958	26
0.609109	186
0.593435	186
0.641565	26
0.758098	53
0.823712	127
0.73368	186
0.760611	117
0.780903	186
0.659753	186
0.599801	186
0.734503	84
0.380889	186
0.831872	165
0.849083	23
0.655722	186
0.720143	186
0.829346	109
0.818262	53
0.758871	186
0.672076	186
0.594799	186
0.621652	186
0.489106	186
0.705562	186
0.617773	186
0.769124	186
0.744568	23
0.456988	186
0.550762	186
0.728038	186
0.485233	186
0.708724	186
0.731451	155
0.65367	186
0.577514	186
0.670161	186
0.815728	27
0.752963	18
0.632724	186
0.634454	186
0.772591	12
0.617496	186
0.863106	-1
0.79985	186
0.69477	186
0.585231	186
0.517161	186
0.801717	26
0.620356	186
0.670022	186
0.747887	186
0.793882	87
0.806967	10
0.717121	186
0.81057	151
0.495645	186
0.714593	186
0.573756	186
0.654685	186
0.632911	186
0.657852	186
0.627443	186
0.711436	186
0.7599	26
0.548718	186
0.771195	23
0.740059	186
0.717907	108
0.78666	12
0.585871	186
0.464326	186
0.90112	12
0.585575	186
0.553295	186
0.713873	76
0.698318	186
0.577694	186
0.664015	186
0.843631	26
0.630426	186
0.602461	186
0.634032	186
0.610312	186
0.852853	18
0.561438	186
0.794914	26
0.280382	-1
0.674841	186
0.566327	186
0.755587	186
0.723493	186
0.807576	26
0.822071	26
0.561996	186
0.527959	186
0.505533	186
0.666658	186
0.545027	186
0.568833	186
0.710342	38
0.863108	186
0.548467	186
0.614461	186
0.531363	186
0.777644	186
0.65566	186
0.59478	186
0.793744	186
0.42412	186
0.686602	186
0.520586	186
0.586254	186
0.587836	186
0.769983	186
0.723087	186
0.73713	186
0.692852	186
0.711379	186
0.729009	186
0.742765	27
0.597151	186
0.573038	186
0.69387	186
0.757961	38
0.783052	27
0.789344	27
0.62612	186
0.659533	186
0.657484	186
0.547216	186
0.54446	186
0.664038	186
0.733372	186
0.784933	18
0.540655	186
0.562713	186
0.686966	186
0.689757	186
0.7	18
0.557749	186
0.674785	186
0.795371	186
0.789622	136
0.680055	186
0.492669	186
0.534347	186
0.616965	186
0.544109	186
0.644623	186
0.598532	186
0.330455	186
0.688979	186
0.503524	186
0.67755	186
0.648081	186
0.648658	186
0.685574	186
0.716127	64
0.568235	186
0.751325	140
0.675803	186
0.561298	186
0.559917	186
0.589299	186
0.643154	186
0.669835	186
0.627609	186
0.39413	186
0.537206	186
0.649104	186
0.668743	186
0.594665	186
0.572785	186
0.669837	186
0.48654	186
0.618183	186
0.830483	127
0.572985	186
0.61642	186
0.515637	186
0.580218	186
0.623325	186
0.523188	186
0.479925	186
0.516827	186
0.488868	186
0.616503	186
0.600701	186
0.686947	186
0.849736	109
0.454189	186
0.567166	186
0.587396	186
0.437228	186
0.641407	186
0.615158	186
0.55388	186
0.448377	186
0.392792	186
0.570025	186
0.470833	186
0.548176	186
0.582237	186
0.657885	186
0.731057	149
0.644531	186
0.805942	127
0.797458	19
0.552745	186
0.561871	186
0.562728	186
0.749027	76
0.310691	186
0.632118	12
0.645531	186
0.775314	186
0.617076	80
0.708895	71
0.525099	186
0.553282	186
0.484665	186
0.586254	186
0.67412	186
0.422875	186
0.727404	186
0.538029	186
0.638854	186
0.649299	186
0.465503	186
0.445788	186
0.770204	33
0.568698	186
0.807524	23
0.665621	186
0.764827	186
0.616218	186
0.639472	186
0.734194	186
0.537013	186
0.442637	186
0.577803	186
0.710537	186
0.471338	186
0.748807	53
0.661787	186
0.328802	186
0.457589	186
0.615468	186
0.535097	186
0.365916	186
0.564182	186
0.652924	186
0.89069	26
0.607128	186
0.705584	186
0.664767	186
0.508027	186
0.414534	186
0.498305	186
0.649017	186
0.417889	186
0.401637	186
0.464059	186
0.813119	26
0.566026	186
0.682492	186
0.639786	186
0.614701	186
0.414029	186
0.760378	107
0.408241	186
0.72738	186
0.740682	186
0.676325	186
0.623421	186
0.525247	186
0.759677	186
0.562938	186
0.506378	186
0.789043	94
0.828644	19
0.725648	19
0.487661	186
0.654734	186
0.717451	186
0.545617	186
0.525577	186
0.568185	186
0.537421	186
0.677937	186
0.610966	186
0.663697	186
0.647123	186
0.618188	186
0.604674	186
0.615913	186
0.476502	186
0.564999	186
0.675525	186
0.551467	186
0.638188	186
0.619075	186
0.680548	186
0.64198	186
0.536876	186
0.417727	186
0.588987	186
0.789992	23
0.747404	158
0.553609	186
0.6817	186
0.635239	186
0.554504	186
0.542843	186
0.685305	186
0.548367	186
0.687262	186
0.651448	186
0.570875	186
0.428124	186
0.571373	186
0.674982	186
0.669086	186
0.573144	186
0.587489	186
0.614679	186
0.582534	186
0.647631	186
0.648318	186
0.52497	186
0.518234	186
0.586445	186
0.559244	186
0.564599	186
0.718781	186
0.53309	186
0.551804	186
0.59172	186
0.604302	186
0.618345	186
0.485594	186
0.679939	186
0.529334	186
0.499257	186
0.688016	186
0.755456	165
0.70277	186
0.443714	186
0.531588	186
0.556835	186
0.691048	186
0.659702	186
0.797688	18
0.688898	186
0.671381	186
0.632929	186
0.492566	186
0.66486	186
0.613054	186
0.602841	186
0.682322	186
0.790401	33
0.523901	186
0.643913	186
0.582379	186
0.511411	186
0.477162	186
0.57556	186
0.632722	186
0.88618	113
0.683216	186
0.555019	186
0.590134	186
0.61002	186
0.488296	-1
0.514067	-1
0.504717	186
0.588065	-1
0.597536	-1
0.623684	-1
0.552307	186
0.575349	186
0.646614	186
0.640865	186
0.705179	146
0.614223	186
0.531077	186
0.61545	186
0.641217	186
0.518769	186
0.534077	186
0.885829	18
0.847216	151
0.821251	87
0.766941	44
0.827913	151
0.752075	55
0.778219	35
0.783803	18
0.815846	172
0.565316	186
0.630697	186
0.590361	186
0.858789	10
0.716574	96
0.516159	186
0.62393	186
0.600424	186
0.744978	186
0.555669	186
0.66642	186
0.575	186
0.711279	186
0.574607	186
0.721503	186
0.688916	186
0.831494	186
0.556265	186
0.548764	186
0.60608	186
0.761657	94
0.786929	127
0.774574	24
0.640799	186
0.527439	186
0.557074	186
0.720405	84
0.750091	24
0.709634	186
0.740483	186
0.849853	171
0.465089	186
0.556989	186
0.328765	186
0.470316	186
0.486658	186
0.614838	186
0.625405	186
0.678185	186
0.592288	186
0.620983	186
0.419499	186
0.420821	186
0.361502	186
0.513814	186
0.575173	186
0.666912	186
0.53082	186
0.52714	186
0.526196	186
0.622591	186
0.390925	186
0.455215	186
0.423833	186
0.656015	186
0.733459	186
0.141801	186
0.50324	186
0.419071	186
0.50375	186
0.620112	186
0.535048	186
0.550722	186
0.555771	186
0.574141	186
0.780994	44
0.656372	186
0.60107	186
0.623091	186
0.872751	27
0.685546	186
0.882926	179
0.655168	186
0.659712	186
0.628452	186
0.737085	186
0.754923	186
0.472236	186
0.610581	186
0.529546	186
0.569469	186
0.520615	186
0.726613	186
0.728497	186
0.589282	186
0.664698	186
0.674402	186
0.772328	122
0.576688	186
0.550781	186
0.726676	186
0.58245	123
0.832083	72
0.371971	186
0.404801	186
0.40511	186
0.361046	186
0.614444	186
0.595329	186
0.357819	186
0.658377	186
0.806019	26
0.492513	186
0.736783	28
0.523139	186
0.478841	186
0.708612	186
0.715582	186
0.669711	186
0.574141	186
0.602326	186
0.736733	186
0.547005	186
0.630134	186
0.776319	182
0.747282	171
0.526725	186
0.614035	186
0.582627	186
0.575054	186
0.701409	186
0.467317	186
0.653692	186
0.480723	186
0.421293	186
0.514131	186
0.548635	186
0.588255	186
0.611641	186
0.521601	186
0.799421	62
0.758361	186
0.586935	186
0.403854	186
0.32251	186
0.549951	186
0.595025	186
0.618189	186
0.539174	186
0.677167	186
0.560754	186
0.597512	186
0.616271	186
0.545304	186
0.651336	186
0.62018	186
0.785925	159
0.692727	186
0.421291	186
0.623085	186
0.555845	186
0.527089	186
0.5961	186
0.756374	186
0.674999	186
0.605013	186
0.442034	186
0.396975	186
0.477419	186
0.615234	186
0.599781	186
0.580775	186
0.587327	186
0.605666	186
0.585437	186
0.693712	186
0.575132	186
0.595729	186
0.56712	186
0.424082	186
0.471719	186
0.673257	186
0.631845	186
0.628236	186
0.615682	186
0.52365	186
0.743009	186
0.79743	141
0.551849	186
0.610868	186
0.635182	186
0.450544	186
0.575398	186
0.516478	186
0.513146	186
0.709459	186
0.596714	186
0.510651	186
0.621545	186
0.552974	186
0.490886	186
0.475296	186
0.390824	186
0.346224	186
0.439505	186
0.414955	186
0.441375	186
0.442737	186
0.508021	186
0.585709	186
0.663439	186
0.723687	27
0.5072	186
0.619889	186
0.543404	186
0.55049	186
0.644999	186
0.536304	186
0.465583	186
0.538979	186
0.553611	186
0.387639	186
0.420578	186
0.789726	186
0.751489	186
0.768357	18
0.686061	186
0.740755	186
0.708165	18
0.654368	186
0.750127	186
0.655928	186
0.673647	186
0.809084	165
0.74079	71
0.548164	186
0.632806	-1
0.60745	186
0.615764	186
0.768997	27
0.755041	18
0.778587	186
0.664125	186
0.677832	186
0.806326	55
0.513551	186
0.673	186
0.73111	55
0.449047	186
0.483595	186
0.580997	186
0.656986	186
0.57567	-1
0.614953	186
0.686533	186
0.670078	186
0.801836	23
0.81008	38
0.657266	186
0.533673	186
0.536142	186
0.7252	122
0.720113	186
0.816846	186
0.663473	186
0.557776	186
0.567718	186
0.520772	186
0.414286	186
0.660875	186
0.593923	186
0.760649	186
0.809653	76
0.460985	186
0.421071	186
0.703029	186
0.701695	186
0.783726	23
0.764664	18
0.485474	186
0.5051	186
0.803828	23
0.890199	186
0.707635	186
0.508469	186
0.655283	186
0.57332	186
0.633103	186
0.584579	186
0.804254	27
0.482222	186
0.538444	186
0.794652	114
0.803215	186
0.719115	186
0.695002	186
0.590306	186
0.60653	186
0.664746	186
0.727476	186
0.486234	186
0.707393	186
0.631818	186
0.671167	186
0.621035	186
0.661934	186
0.739044	12
0.643969	186
0.80862	186
0.592936	186
0.409473	186
0.465048	186
0.473701	186
0.640803	186
0.677453	186
0.91968	53
0.499317	186
0.605032	186
0.593904	186
0.499034	186
0.751124	23
0.654831	186
0.588955	186
0.63971	186
0.590704	186
0.786883	76
0.627284	186
0.844952	123
0.179364	186
0.413648	186
0.511077	186
0.456757	186
0.543826	186
0.765728	186
0.717647	186
0.738544	186
0.655035	186
0.580883	186
0.549775	186
0.570388	186
0.851236	-1
0.823753	186
0.718362	-1
0.540549	186
0.670171	186
0.624713	186
0.618747	186
0.60026	186
0.50098	186
0.581917	186
0.61211	186
0.658275	186
0.559928	186
0.552644	186
0.661571	186
0.871874	64
0.436714	186
0.620309	186
0.564199	186
0.817895	186
0.750792	186
0.658601	186
0.462713	186
0.722432	186
0.673565	186
0.789652	186
0.331926	186
0.340595	186
0.408872	186
0.513533	186
0.52098	186
0.595898	186
0.656884	186
0.515465	186
0.663258	186
0.581084	186
0.599344	186
0.57452	186
0.762632	186
0.741962	186
0.585807	186
0.660153	186
0.49564	186
0.553586	186
0.704859	125
0.584976	186
0.654873	186
0.452839	186
0.417189	186
0.373902	186
0.426251	186
0.633702	186
0.578856	186
0.781266	18
0.741845	97
0.588801	186
0.803169	186
0.781266	18
0.651551	186
0.495854	186
0.704999	186
0.57065	186
0.611862	186
0.613952	186
0.503974	186
0.503974	186
0.497997	186
0.432107	186
0.774936	186
0.57601	186
0.706788	186
0.532149	186
0.438451	186
0.561695	186
0.680656	186
0.592466	186
0.603864	186
0.492156	186
0.485061	186
0.814385	185
0.605652	186
0.597301	186
0.598671	186
0.797699	18
0.788218	55
0.731266	44
0.673138	186
0.57646	186
0.722501	186
0.743724	186
0.794704	172
0.747277	186
0.573221	186
0.598138	186
0.541864	186
0.569862	186
0.52828	186
0.783293	23
0.493083	186
0.522979	186
0.668832	186
0.704792	186
0.584847	186
0.604131	186
0.611817	186
0.535773	186
0.632265	186
0.401848	186
0.290507	186
0.460341	186
0.398644	186
0.421987	186
0.765606	18
0.373137	186
0.604477	186
0.565166	186
0.491179	186
0.5945	186
0.429885	186
0.490389	186
0.692663	186
0.684714	186
0.544946	186
0.528337	186
0.501188	186
0.533833	36
0.47632	186
0.609869	186
0.584005	186
0.823271	27
0.587174	186
0.501364	186
0.538175	186
0.613932	186
0.613932	186
0.669101	186
0.711161	186
0.751066	186
0.807049	186
0.651921	186
0.688321	186
0.628212	186
0.735345	186
0.651928	186
0.565022	186
0.619933	186
0.838726	186
0.765764	56
0.733969	186
0.819328	186
0.798783	149
0.660535	186
0.824543	76
0.663262	186
0.693004	186
0.566766	186
0.319876	186
0.471882	186
0.46807	186
0.475605	186
0.538938	186
0.569259	186
0.551723	186
0.545388	186
0.398496	186
0.365707	186
0.409649	186
0.743058	-1
0.75264	186
0.58258	186
0.44615	186
0.457013	186
0.52574	186
0.668455	186
0.659516	186
0.51546	186
0.518314	186
0.659377	186
0.661601	186
0.861986	55
0.528331	186
0.805586	155
0.730174	186
0.678088	186
0.669142	186
0.613819	186
0.471296	186
0.558734	186
0.59946	186
0.533462	186
0.718341	44
0.791448	76
0.418544	186
0.526798	186
0.503424	186
0.614955	186
0.590544	186
0.675964	186
0.538	186
0.666705	186
0.495761	186
0.540103	186
0.645189	186
0.48931	186
0.545526	186
0.644233	186
0.630195	186
0.566805	186
0.585904	186
0.540635	186
0.73908	186
0.66923	186
0.613208	186
0.739142	76
0.729809	16
0.728249	186
0.718816	186
0.413929	186
0.574933	186
0.583275	186
0.497354	186
0.532766	186
0.7982	70
0.670406	186
0.628564	186
0.504692	186
0.743683	186
0.646926	186
0.597546	186
0.833736	23
0.828689	30
0.696096	186
0.675067	5
0.681012	186
0.493781	186
0.468307	186
0.459735	186
0.471804	186
0.561213	186
0.564572	186
0.586392	186
0.488696	186
0.582851	186
0.619125	186
0.645928	186
0.775815	70
0.595243	186
0.741907	186
0.684612	186
0.740236	186
0.829865	186
0.736754	5
0.71913	186
0.657776	186
0.660078	186
0.343363	186
0.539352	186
0.606991	186
0.407953	186
0.405474	186
0.579193	186
0.598114	186
0.557211	186
0.545834	186
0.465167	186
0.705284	19
0.630983	186
0.500166	186
0.51206	186
0.514111	186
0.491842	186
0.463035	186
0.406064	186
0.59775	186
0.60003	186
0.571106	186
0.471106	-1
0.651517	-1
0.768668	186
0.383041	186
0.509301	186
0.61668	186
0.762709	186
0.778555	186
0.663047	186
0.571733	186
0.766107	3
0.778699	186
0.535285	186
0.488216	186
0.616958	186
0.815454	10
0.75	71
0.602377	186
0.649597	186
0.578076	186
0.714414	186
0.716773	186
0.706341	186
0.780711	186
0.626713	186
0.828915	149
0.602062	186
0.570635	186
0.503478	186
0.663045	186
0.685491	186
0.672765	44
0.894101	76
0.822974	186
0.528248	186
0.656482	186
0.603322	186
0.629541	186
0.647942	186
0.616811	186
0.606464	186
0.687877	186
0.490927	186
0.681262	186
0.664343	186
0.646125	186
0.641746	186
0.606689	186
0.707954	186
0.733985	186
0.768151	186
0.32217	186
0.613889	186
0.629649	186
0.507304	186
0.289808	186
0.690882	186
0.732073	186
0.689332	186
0.447166	186
0.541189	186
0.509413	186
0.538635	186
0.587927	186
0.678782	186
0.813084	70
0.558168	186
0.591692	186
0.441499	186
0.408348	186
0.480159	186
0.448843	186
0.512284	186
0.569025	186
0.541057	186
0.51601	186
0.508486	186
0.489759	186
0.447237	186
0.498178	186
0.39011	186
0.446691	186
0.493396	186
0.525741	186
0.468619	186
0.470633	186
0.59947	186
0.851874	1
0.625925	186
0.46453	186
0.490782	186
0.469736	186
0.668898	186
0.633981	186
0.70423	81
0.419102	186
0.491189	186
0.59528	186
0.572948	186
0.534678	186
0.555587	186
0.566264	186
0.493481	186
0.649868	186
0.48735	186
0.70312	186
0.574531	186
0.345855	186
0.638182	186
0.38018	186
0.502238	186
0.544015	186
0.391656	186
0.566318	186
0.417312	186
0.497568	186
0.417312	186
0.554989	186
0.665284	186
0.677975	186
0.500416	186
0.516824	186
0.674426	186
0.609208	186
0.555202	186
0.544738	186
0.708386	186
0.562478	186
0.632869	186
0.655697	186
0.629667	186
0.689165	186
0.723769	186
0.732561	186
0.67213	186
0.734655	186
0.855079	186
0.792692	171
0.732553	186
0.545053	186
0.642743	186
0.776902	30
0.727414	186
0.642884	186
0.660206	186
0.672683	186
0.646918	186
0.609732	186
0.341348	186
0.577548	186
0.60395	186
0.716757	186
0.769428	186
0.79193	186
0.670125	186
0.683632	186
0.736338	186
0.696852	186
0.667638	186
0.667754	186
0.592698	186
0.5939	186
0.752043	186
0.62343	186
0.695747	186
0.699996	186
0.764183	71
0.790425	70
0.580451	186
0.561673	186
0.706895	186
0.654156	186
0.583509	186
0.502766	186
0.557927	186
0.545958	-1
0.656718	-1
0.671924	186
0.71497	186
0.658796	186
0.530041	186
0.573429	186
0.328221	186
0.498858	186
0.517244	186
0.562226	186
0.527772	186
0.744559	19
0.749555	71
0.599758	186
0.540636	186
0.547026	186
0.862955	8
0.749461	186
0.713181	186
0.517669	186
0.612068	186
0.625598	186
0.49796	186
0.5458	186
0.38123	186
0.378595	186
0.376472	186
0.482618	186
0.607432	186
0.470117	186
0.341621	186
0.336001	186
0.550477	186
0.538683	186
0.371321	186
0.467354	186
0.531544	186
0.529421	186
0.654145	186
0.516878	186
0.536103	186
0.536038	186
0.64044	186
0.64044	186
0.722025	186
0.807925	159
0.594791	186
0.617852	186
0.686348	186
0.709438	186
0.366207	186
0.662638	186
0.573714	186
0.738872	186
0.516391	186
0.573989	186
0.628168	186
0.515367	186
0.672672	186
0.638597	186
0.668699	186
0.72755	186
0.70754	186
0.734886	186
0.579927	155
0.72463	186
0.723486	186
0.734656	186
0.741295	81
0.683346	186
0.896021	10
0.810718	10
0.575887	186
0.764898	186
0.577541	186
0.518241	186
0.582872	186
0.560288	186
0.750322	186
0.731958	186
0.560288	186
0.701543	18
0.633671	186
0.686465	186
0.712029	-1
0.57113	186
0.578847	186
0.576347	186
0.738637	186
0.688925	186
0.610869	186
0.582706	186
0.574253	186
0.480723	186
0.611705	186
0.739543	154
0.775194	53
0.796961	154
0.644112	186
0.809547	127
0.725172	186
0.80937	71
0.814992	186
0.660969	186
0.566472	186
0.7258	186
0.712722	186
0.636412	186
0.688514	186
0.540733	186
0.536446	186
0.705608	186
0.612548	186
0.553018	186
0.729531	186
0.657238	186
0.526977	186
0.526872	186
0.293136	186
0.300537	186
0.517298	186
0.654961	186
0.562424	186
0.466134	186
0.417857	186
0.807307	186
0.773645	18
0.627364	186
0.783449	147
0.831311	107
0.714769	186
0.506542	186
0.563241	186
0.7043	186
0.637217	186
0.523699	186
0.519817	186
0.743313	30
0.732478	186
0.660275	186
0.67437	-1
0.551858	-1
0.855309	186
0.368756	186
0.741163	186
0.78657	125
0.673023	186
0.790555	10
0.699172	186
0.604669	186
0.647692	186
0.392548	186
0.814433	171
0.667297	186
0.67263	186
0.544597	186
0.838103	171
0.758265	27
0.794665	116
0.43636	186
0.793042	18
0.726465	186
0.649492	186
0.638274	186
0.589615	186
0.744385	186
0.752946	171
0.517557	186
0.70394	12
0.710811	186
0.486715	186
0.539108	186
0.695145	186
0.721525	186
0.653205	186
0.797901	186
0.762437	186
0.71418	12
0.708507	18
0.659424	186
0.71526	186
0.597959	186
0.648949	186
0.678394	186
0.808791	186
0.694004	186
0.758817	186
0.686859	186
0.666362	186
0.453404	186
0.779391	186
0.618073	186
0.491618	186
0.496423	186
0.63719	186
0.344005	186
0.486371	186
0.457992	186
0.605915	186
0.620282	186
0.541493	186
0.38607	186
0.589612	186
0.544075	186
0.569927	186
0.495174	186
0.592076	186
0.550885	186
0.614588	186
0.648331	186
0.725477	186
0.33927	186
0.799945	186
0.815108	186
0.40005	186
0.527647	186
0.807118	82
0.583905	186
0.607702	133
0.667751	186
0.701313	186
0.712696	186
0.533454	186
0.548073	186
0.656648	186
0.631871	186
0.707759	186
0.784215	18
0.358415	186
0.660855	186
0.673619	186
0.569501	186
0.577708	186
0.568755	186
0.57133	186
0.675251	186
0.640592	186
0.331238	186
0.646627	186
0.747701	13
0.637241	186
0.613034	186
0.538126	186
0.529158	186
0.486637	186
0.552781	186
0.546983	186
0.640938	186
0.758375	186
0.866802	12
0.530049	186
0.548851	186
0.670788	186
0.615585	186
0.656894	186
0.58458	186
0.725705	186
0.67838	186
0.574392	186
0.738412	186
0.706073	186
0.72356	186
0.606233	186
0.764027	186
0.68752	186
0.663161	186
0.720476	186
0.769463	186
0.650051	186
0.591696	186
0.732039	186
0.716551	127
0.595043	186
0.722375	186
0.516627	186
0.58913	186
0.4882	186
0.589561	186
0.610036	186
0.692369	186
0.610548	186
0.570254	186
0.706888	186
0.750392	186
0.491986	186
0.4334	186
0.541518	186
0.576139	186
0.443273	186
0.460542	186
0.569706	186
0.590772	186
0.594895	186
0.562074	186
0.623981	186
0.597931	186
0.635237	186
0.529815	186
0.509262	186
0.504873	186
0.619442	186
0.587496	186
0.579484	186
0.596335	186
0.665096	186
0.536264	186
0.5523	186
0.594981	186
0.585892	186
0.633107	186
0.506782	186
0.594717	186
0.652159	186
0.569836	-1
0.600906	-1
0.668589	-1
0.639473	186
0.488295	186
0.478586	186
0.528557	186
0.511163	186
0.47008	186
0.459808	186
0.725501	186
0.90176	186
0.814988	18
0.501226	186
0.795035	113
0.598561	186
0.76967	186
0.818886	117
0.810203	94
0.671474	186
0.615454	186
0.785713	159
0.816089	186
0.780777	186
0.624724	186
0.71498	7
0.705422	186
0.695635	186
0.705972	186
0.567245	186
0.886088	53
0.690731	-1
0.785147	109
0.841128	23
0.58141	186
0.745368	38
0.725709	186
0.5625	186
0.641801	186
0.702268	186
0.661351	186
0.64415	186
0.552798	186
0.471887	186
0.697151	186
0.566413	186
0.585052	186
0.609128	186
0.78707	64
0.570271	186
0.571338	186
0.642451	186
0.58381	186
0.486517	186
0.531503	186
0.452693	186
0.710462	186
0.734782	186
0.714593	186
0.520278	186
0.45147	186
0.341303	186
0.609177	186
0.641989	186
0.724288	186
0.596999	186
0.756824	186
0.796174	-1
0.63775	-1
0.614477	186
0.667118	186
0.544386	186
0.550659	186
0.585665	186
0.549631	186
0.520988	186
0.616262	186
0.652793	186
0.576656	186
0.614012	186
0.590536	186
0.516999	186
0.406977	186
0.418069	186
0.481971	186
0.427512	186
0.5039	186
0.584892	186
0.524858	186
0.639447	186
0.422194	186
0.477047	186
0.382589	186
0.67362	186
0.520388	186
0.695774	186
0.555115	186
0.613961	186
0.530941	186
0.615438	186
0.641112	186
0.518665	186
0.533672	186
0.75028	27
0.895698	76
0.75511	184
0.553125	186
0.735374	186
0.621383	186
0.512637	186
0.614784	186
0.593301	186
0.638432	186
0.548469	186
0.458333	186
0.530545	186
0.620238	186
0.548469	186
0.725858	186
0.486566	186
0.555688	186
0.551149	186
0.498702	186
0.624609	186
0.628176	186
0.608051	186
0.661782	186
0.478287	186
0.644537	186
0.634455	186
0.53522	186
0.651928	186
0.548774	186
0.56115	186
0.649695	186
0.659964	186
0.522539	186
0.526534	186
0.52816	186
0.636444	186
0.584404	186
0.787242	186
0.669759	186
0.41289	186
0.573841	186
0.621767	186
0.616878	186
0.663615	186
0.670887	186
0.605795	186
0.675432	186
0.614831	186
0.578273	186
0.646849	186
0.547398	186
0.625609	186
0.460626	186
0.578772	186
0.582004	186
0.752319	186
0.684973	186
0.640437	186
0.616641	186
0.657791	186
0.735237	186
0.698526	24
0.661543	186
0.854292	127
0.656671	186
0.692786	186
0.568441	186
0.556139	186
0.502162	186
0.63856	186
0.602027	186
0.558114	186
0.494796	186
0.800055	127
0.767145	186
0.786762	186
0.634114	186
0.808312	186
0.744815	186
0.562949	186
0.693296	186
0.414674	186
0.471805	186
0.49694	186
0.535349	186
0.507796	186
0.602238	186
0.483612	186
0.61482	186
0.583111	186
0.673081	186
0.628609	186
0.469584	186
0.54103	186
0.349417	186
0.456819	186
0.504586	186
0.576448	186
0.578763	186
0.455549	186
0.365722	186
0.655612	186
0.668011	186
0.644356	186
0.709973	186
0.519111	186
0.703187	27
0.584759	186
0.582359	186
0.588942	186
0.656083	186
0.720352	186
0.429715	186
0.641304	186
0.739407	186
0.680308	186
0.587419	186
0.597571	186
0.583899	186
0.796078	186
0.473449	186
0.423986	186
0.386144	186
0.637674	186
0.74266	186
0.644744	186
0.844081	-1
0.383857	186
0.611003	186
0.611798	186
0.433301	186
0.673246	186
0.607839	186
0.834486	186
0.405011	186
0.851847	113
0.692718	186
0.416007	186
0.896312	16
0.624241	186
0.831231	159
0.835858	186
0.762459	186
0.797831	116
0.513012	186
0.567147	186
0.560189	186
0.58388	186
0.572582	186
0.44688	186
0.67583	186
0.594744	186
0.441676	186
0.630142	186
0.563812	186
0.743117	186
0.578159	186
0.592038	186
0.572792	186
0.613476	186
0.918104	94
0.656088	186
0.800511	56
0.798871	76
0.681501	186
0.645805	186
0.849533	18
0.809155	27
0.589816	186
0.637105	186
0.635666	186
0.598668	186
0.635975	186
0.606673	186
0.562231	186
0.4909	186
0.559872	186
0.652432	186
0.618948	186
0.810086	19
0.604971	186
0.710148	186
0.619973	186
0.558045	186
0.623489	186
0.577482	186
0.804711	186
0.746053	186
0.809643	-1
0.660707	186
0.646443	186
0.654296	-1
0.86646	55
0.666378	186
0.679199	186
0.599335	186
0.778375	186
0.745678	186
0.399532	186
0.825981	76
0.466497	186
0.568757	186
0.783689	186
0.707418	186
0.812788	64
0.717123	116
0.541304	186
0.508018	186
0.818268	186
0.564981	186
0.670368	186
0.8696	109
0.661249	186
0.594695	186
0.752937	149
0.815094	18
0.701249	186
0.757067	186
0.7869	18
0.586155	186
0.709745	186
0.836738	23
0.743498	186
0.64155	186
0.748039	186
0.827034	186
0.883663	186
0.829833	18
0.760164	76
0.710738	186
0.594811	186
0.812622	186
0.55248	186
0.444204	186
0.385774	186
0.416675	186
0.635132	186
0.568917	186
0.308265	186
0.375376	-1
0.806585	176
0.640747	186
0.516861	186
0.532914	186
0.412867	186
0.812125	186
0.857231	56
0.506224	186
0.548331	-1
0.798293	186
0.84655	54
0.762041	186
0.706275	186
0.568949	186
0.772153	186
0.81874	186
0.482078	186
0.466802	186
0.504667	186
0.480072	186
0.561659	186
0.705914	186
0.908398	147
0.619757	186
0.867608	53
0.719512	-1
0.773214	186
0.631639	186
0.630198	186
0.671636	186
0.705592	186
0.534872	186
0.883096	154
0.866041	154
0.589528	186
0.675336	186
0.809642	76
0.533217	186
0.693438	186
0.61966	186
0.529823	186
0.576805	186
0.740306	186
0.579811	186
0.828616	23
0.432675	186
0.892765	186
0.573796	186
0.425347	186
0.492183	186
0.852873	23
0.880325	116
0.477651	186
0.65108	186
0.874718	186
0.800601	186
0.818805	186
0.92013	10
0.724551	186
0.519015	186
0.717246	11
0.883222	10
0.353893	186
0.409195	186
0.938726	10
0.659397	186
0.896426	18
0.582351	186
0.515061	186
0.514497	186
0.452117	186
0.855722	169
0.557289	186
0.633448	186
0.620665	-1
0.702025	186
0.584512	186
0.634968	186
0.66211	186
0.704394	186
0.591953	186
0.501504	186
0.799746	186
0.896342	55
0.717449	186
0.898234	76
0.579925	186
0.670121	186
0.606282	186
0.745873	186
0.354917	186
0.666709	186
0.692127	186
0.526692	186
0.660683	186
0.760137	186
0.532127	186
0.701178	186
0.739434	186
0.807502	186
0.736873	186
0.791855	186
0.873897	186
0.693404	186
0.66399	186
0.80813	64
0.765731	186
0.876439	53
0.655256	186
0.756553	186
0.742936	186
0.863156	55
0.81516	155
0.6511	-1
0.634476	-1
0.512042	-1
0.755148	88
0.901375	109
0.735833	108
0.714866	23
0.789151	-1
0.822273	186
0.803857	68
0.857231	76
0.693209	186
0.756998	186
0.788939	-1
0.64361	186
0.465548	186
0.383003	186
0.459993	186
0.657633	186
0.59549	186
0.671576	186
0.80502	71
0.651415	186
0.728534	186
0.754613	18
0.569887	186
0.521063	186
0.620808	186
0.612271	186
0.540421	186
0.600723	186
0.483966	186
0.593274	186
0.680509	186
0.719239	186
0.658491	186
0.579934	186
0.611317	186
0.708606	154
0.724269	165
0.669028	186
0.721165	186
0.799201	186
0.74827	18
0.668639	186
0.575981	18
0.445958	186
0.691513	186
0.90759	18
0.533177	186
0.81873	18
0.735948	186
0.806537	13
0.62856	186
0.548271	186
0.50528	186
0.823778	154
0.645483	186
0.546827	186
0.636368	186
0.513985	-1
0.852464	10
0.685336	186
0.59588	186
0.637983	186
0.651769	186
0.573709	186
0.574945	186
0.515489	186
0.340829	186
0.664874	186
0.737709	55
0.723046	186
0.591296	186
0.749632	186
0.648511	186
0.655903	186
0.898654	56
0.55409	186
0.718185	186
0.551858	186
0.733691	186
0.888305	186
0.799779	186
0.523609	186
0.641667	186
0.796909	151
0.849427	186
0.590584	186
0.454497	186
0.464898	186
0.734545	186
0.436356	186
0.607849	186
0.84493	186
0.853194	151
0.575161	186
0.670443	186
0.622591	186
0.629933	186
0.689743	186
0.793188	66
0.652352	186
0.574795	186
0.673705	186
0.659377	186
0.613424	186
0.788431	109
0.818798	186
0.492501	186
0.506805	186
0.558472	186
0.78753	23
0.773289	186
0.879385	186
0.566415	186
0.665835	186
0.638935	186
0.634763	186
0.368316	186
0.616961	186
0.369645	186
0.34463	186
0.508355	186
0.438527	186
0.774334	186
0.773934	8
0.787556	27
0.800063	12
0.674886	186
0.440356	186
0.740913	76
0.657675	186
0.556054	186
0.911323	155
0.553025	186
0.446723	186
0.688328	186
0.674591	186
0.598131	-1
0.769182	144
0.445139	186
0.472056	-1
0.950107	87
0.522652	186
0.737969	186
0.774188	186
0.77979	147
0.779858	186
0.853514	18
0.395818	186
0.490873	186
0.576793	186
0.595357	186
0.69779	186
0.395818	186
0.420377	186
0.333269	186
0.395818	186
0.431723	186
0.504185	186
0.834919	23
0.624599	186
0.769134	53
0.420762	186
0.73482	186
0.735357	171
0.818579	186
0.454588	186
0.753507	147
0.845274	186
0.752221	186
0.729754	33
0.740794	19
0.571498	186
0.565861	186
0.823969	23
0.650897	186
0.633925	186
0.559993	186
0.787572	186
0.646389	186
0.671077	186
0.633661	186
0.744859	186
0.460759	186
0.637256	186
0.455849	186
0.797733	23
0.426735	-1
0.669429	186
0.555556	-1
0.748564	186
0.748276	186
0.955556	-1
0.726069	186
0.652976	186
0.610447	56
0.688388	186
0.525622	-1
0.71841	186
0.590348	186
0.798198	186
0.83453	109
0.699552	186
0.411793	186
0.723632	186
0.900403	-1
0.834611	186
0.775578	64
0.718309	186
0.724711	-1
0.870416	92
0.698332	-1
0.643826	186
0.788913	174
0.744773	108
0.47577	-1
0.495593	186
0.540724	186
0.728189	186
0.418096	186
0.637468	186
0.475633	186
0.568512	186
0.83453	-1
0.975265	-1
0.596524	-1
0.696205	186
0.678743	186
0.8329	186
0.45698	186
0.642565	186
0.685185	186
0.513841	-1
0.819943	186
0.63233	186
0.568135	186
0.337682	186
0.886001	116
0.822675	18
0.462653	-1
0.815737	1
0.815272	151
0.784592	159
0.802699	33
0.897892	177
0.893325	23
0.62431	186
0.771246	76
0.638857	186
0.600346	186
0.779145	109
0.811828	33
0.762847	186
0.894286	186
0.549373	186
0.624278	186
0.736914	186
0.718578	186
0.964027	-1
0.79479	186
0.772868	96
0.83274	186
0.705674	186
0.850892	23
0.635481	186
0.603788	186
0.802597	18
0.868182	186
0.812156	33
0.730103	186
0.670287	186
0.72288	186
0.890452	116
0.703301	186
0.816056	-1
0.822095	186
0.572826	-1
0.43305	186
0.869745	-1
0.581936	186
0.616466	186
0.670203	186
0.762471	158
0.635387	186
0.630958	186
0.687522	186
0.857222	76
0.826824	186
0.658595	186
0.483797	186
0.620271	186
0.64876	186
0.678943	186
0.71654	186
0.496721	186
0.719102	186
0.769802	53
0.560936	186
0.475783	186
0.560337	186
0.528872	186
0.631654	186
0.526363	186
0.769945	186
0.711624	186
0.76373	186
0.543515	186
0.474123	186
0.436236	186
0.528701	186
0.591757	186
0.566983	186
0.488451	186
0.528534	186
0.610455	186
0.37057	186
0.497732	186
0.389259	186
0.689698	186
0.435865	186
0.543357	56
0.895944	186
0.693828	186
0.710303	-1
0.596796	-1
0.513246	-1
0.414705	186
0.726241	53
0.549073	186
0.645594	186
0.839683	87
0.676714	186
0.903419	-1
0.829808	76
0.8036	32
0.728305	74
0.787489	26
0.529186	186
0.818854	53
0.62745	186
0.783805	154
0.681461	186
0.773673	96
0.732107	39
0.56205	186
0.65177	186
0.509295	186
0.335191	186
0.619282	186
0.781361	-1
0.657612	186
1	34
0.652382	186
0.704544	186
0.618539	186
0.90895	98
0.657585	186
0.375918	-1
0.768641	186
0.779338	186
0.584066	186
0.755206	186
0.609201	186
0.766678	64
0.717789	23
0.811137	11
0.617721	186
0.822	18
0.462893	-1
0.393485	186
0.781624	186
0.823612	154
0.797732	53
0.78931	-1
0.853592	-1
0.696417	-1
0.618057	186
0.538898	186
0.815901	33
0.910823	27
0.880523	184
0.755468	148
0.727961	186
0.762136	186
0.798452	23
0.841161	186
0.867522	186
0.599691	186
0.749253	186
0.551754	186
0.518181	186
0.581528	186
0.686437	186
0.71695	186
0.59257	186
0.661466	186
0.727656	186
0.64979	186
0.612984	186
0.641768	186
0.537981	186
0.562162	186
0.818913	-1
0.723099	-1
0.833641	38
0.858946	1
0.283909	96
0.692726	186
0.498998	186
0.776891	186
0.809007	186
0.762998	186
0.681232	186
0.744446	-1
0.798429	-1
0.939477	87
0.581576	186
0.72605	186
0.850943	18
0.688	186
0.579291	186
0.504741	186
0.637851	186
0.790613	186
0.633577	186
0.646727	186
0.648975	186
0.666775	186
0.794868	-1
0.470881	-1
0.574812	186
0.563898	186
0.547619	186
0.47086	186
0.549644	186
0.473985	186
0.584441	186
0.586622	186
0.786184	26
0.985341	92
0.879381	33
0.557873	186
0.700474	186
0.42462	186
0.492987	186
0.708354	186
0.627852	186
0.434379	186
0.451331	186
0.56603	186
0.592211	186
0.555801	186
0.6314	186
0.524583	186
0.680604	186
0.670295	186
0.750024	186
0.717888	186
0.698388	186
0.633753	186
0.62549	186
0.747628	186
0.739669	186
0.797457	11
0.5573	186
0.47574	186
0.782168	186
0.758627	186
0.889397	144
0.840772	144
0.541969	186
0.432586	186
0.816544	10
0.796389	33
0.754314	186
0.814037	117
0.630009	186
0.69874	186
0.76655	186
0.857776	10
0.645749	186
0.547693	186
0.568023	186
0.504096	186
0.522808	186
0.72177	18
0.695598	186
0.533695	186
0.638257	186
0.206099	186
0.646652	186
0.468463	186
0.720451	186
0.66784	186
0.857172	186
0.807266	24
0.818746	94
0.574756	186
0.623792	186
0.585459	186
0.8123	186
0.577837	186
0.772162	107
0.597995	186
0.746438	186
0.647581	186
0.702973	186
0.376276	186
0.529015	186
0.682831	186
0.640547	186
0.374938	186
0.338053	186
0.587673	186
0.658212	186
0.63932	186
0.747792	186
0.756706	186
0.570689	186
0.589869	186
0.744573	186
0.810882	186
0.60312	186
0.876001	1
0.783199	84
0.396466	186
0.49593	186
0.478496	186
0.624625	186
0.670731	186
0.491675	186
0.545326	186
0.503883	186
0.63243	186
0.511815	186
0.540184	186
0.748497	186
0.920196	151
0.652996	-1
0.725852	186
0.600406	-1
0.55295	186
0.576767	186
0.791192	186
0.781543	109
0.511565	186
0.679416	186
0.64035	186
0.71822	116
0.638542	186
0.70691	186
0.43243	186
0.435653	186
0.541663	186
0.612721	186
0.632169	186
0.408126	186
0.448618	186
0.624039	186
0.656499	186
0.485971	186
0.496086	186
0.47528	186
0.55133	186
0.405511	186
0.521581	186
0.793033	44
0.607303	186
0.736313	5
0.653248	186
0.61759	186
0.617109	186
0.615352	186
0.40236	186
0.490741	186
0.633371	186
0.620117	186
0.627445	186
0.716508	186
0.510897	186
0.508261	186
0.570386	186
0.559829	186
0.601814	186
0.495078	186
0.51858	186
0.490689	186
0.562513	186
0.631437	186
0.51768	186
0.600068	186
0.719086	186
0.675551	186
0.593861	186
0.814096	116
0.824284	186
0.52647	186
0.842203	23
0.481293	186
0.586909	186
0.604681	186
0.605845	186
0.566633	186
0.614433	186
0.556688	186
0.609744	186
0.691148	186
0.69328	186
0.69878	186
0.733106	186
0.689475	186
0.74943	186
0.84609	186
0.701955	186
0.795188	186
0.952503	147
0.630416	186
0.564473	186
0.744301	186
0.684164	186
0.694444	186
0.597665	186
0.792968	186
0.638699	186
0.47082	186
0.617221	186
0.577564	186
0.650995	186
0.480597	186
0.789198	186
0.728748	127
0.276622	186
0.6902	186
0.668925	186
0.461141	186
0.64182	186
0.778966	130
0.756231	105
0.648361	186
0.535925	186
0.727346	-1
0.66576	186
0.51034	-1
0.471833	186
0.918391	-1
0.6711	186
0.4784	-1
0.452086	-1
0.6696	-1
0.939112	16
0.684657	186
0.414019	186
0.357209	186
0.346276	186
0.364937	186
0.745824	53
0.665241	186
0.65674	186
0.662936	186
0.59384	186
0.584719	186
0.666635	186
0.44647	186
0.62352	186
0.666667	186
0.506619	186
0.78835	154
0.600714	186
0.68808	186
0.470099	186
0.737632	186
0.758599	82
0.761058	186
0.694318	186
0.804238	186
0.727959	186
0.648523	186
0.450925	186
0.700264	186
0.525451	186
0.478451	186
0.692506	186
0.73417	122
0.590319	186
0.461048	186
0.733505	53
0.637384	186
0.539592	186
0.3591	186
0.700581	186
0.46157	186
0.60074	186
0.525819	186
0.7198	186
0.752368	186
0.757029	186
0.58888	186
0.559928	186
0.560512	186
0.650914	186
0.672573	186
0.582735	186
0.555358	186
0.722897	186
0.760953	19
0.69228	186
0.692696	186
0.678135	186
0.795754	53
0.625296	186
0.696975	186
0.612781	186
0.806181	186
0.751619	186
0.88785	30
0.771463	186
0.760667	123
0.685664	186
0.493379	-1
0.721124	186
0.738462	186
0.727496	186
0.742091	186
0.632677	-1
0.452289	186
0.761666	186
0.622857	186
0.567227	186
0.735436	186
0.433331	186
0.560615	186
0.549064	186
0.572439	186
0.529859	186
0.420139	186
0.510846	186
0.521799	186
0.63623	186
0.640077	186
0.890721	186
0.588293	186
0.738589	174
0.378156	186
0.385572	186
0.417171	186
0.51245	186
0.443799	186
0.703905	186
0.604648	186
0.744143	186
0.623183	186
0.458345	186
0.540203	186
0.612699	186
0.679596	186
0.717797	186
0.512923	186
0.726599	186
0.642969	186
0.783967	12
0.766122	172
0.751393	16
0.7063	186
0.722875	186
0.551406	186
0.429939	186
0.453715	186
0.62223	186
0.686873	186
0.63002	186
0.425609	186
0.369702	186
0.901331	53
0.702297	186
0.674644	186
0.594249	186
0.622424	186
0.521415	186
0.599341	186
0.371464	186
0.519903	186
0.62	186
0.587284	186
0.829703	26
0.729649	186
0.560538	186
0.739661	186
0.717041	186
0.601725	186
0.769416	186
0.737339	186
0.66487	186
0.694614	186
0.779973	186
0.6795	186
0.543498	186
0.631951	186
0.599744	186
0.525036	186
0.530931	186
0.63862	186
0.560945	186
0.550422	186
0.718943	96
0.67198	186
0.791071	27
0.724674	101
0.730166	186
0.595988	186
0.600203	186
0.575772	186
0.822451	132
0.762276	186
0.7866	145
0.471067	186
0.588537	186
0.570266	186
0.521616	186
0.604738	186
0.655553	186
0.665318	186
0.485123	186
0.588209	186
0.617767	186
0.721692	186
0.586501	186
0.495103	186
0.674709	107
0.942673	38
0.703956	186
0.615207	-1
0.650161	186
0.550418	186
0.63427	186
0.510037	186
0.525553	186
0.583271	186
0.63859	186
0.942338	18
0.583899	186
0.455053	186
0.510299	186
0.487867	186
0.638566	186
0.497488	186
0.54472	186
0.649826	186
0.665377	186
0.592924	186
0.609261	186
0.655612	186
0.72617	-1
0.56578	186
0.591981	186
0.623985	186
0.916424	186
0.727435	186
0.833148	186
0.492163	186
0.679303	186
0.680813	186
0.471247	186
0.425585	186
0.708375	186
0.718411	186
0.748433	186
0.722808	8
0.430024	186
0.730655	26
0.690663	186
0.607408	186
0.49281	186
0.609939	186
0.699135	186
0.833576	127
0.810514	136
0.618302	186
0.562837	186
0.49281	186
0.66585	186
0.615511	186
0.38272	186
0.506856	186
0.652999	186
0.507483	186
0.628319	186
0.604322	186
0.645946	186
0.578292	186
0.629292	186
0.404327	186
0.554509	186
0.642534	186
0.615923	186
0.656788	186
0.624497	186
0.593635	186
0.428295	186
0.596687	186
0.483216	186
0.599268	186
0.471165	186
0.669343	186
0.447737	186
0.514837	186
0.525252	186
0.408451	186
0.652579	186
0.557431	186
0.737839	186
0.536873	186
0.698105	186
0.761158	186
0.489978	186
0.5937	186
0.523159	186
0.432625	186
0.479603	186
0.662881	186
0.686483	186
0.566802	186
0.618683	186
0.464917	186
0.491237	186
0.744328	186
0.644643	186
0.649861	186
0.599088	186
0.631457	186
0.645458	186
0.669015	186
0.539644	186
0.646411	186
0.572772	186
0.75759	186
0.767683	186
0.609393	186
0.580834	186
0.613489	186
0.641455	186
0.657935	186
0.433908	186
0.799423	186
0.905167	106
0.80002	18
0.608026	186
0.746873	18
0.802366	44
0.741722	186
0.61942	186
0.693943	186
0.843187	186
0.665265	186
0.611023	186
0.554676	186
0.517424	186
0.528398	186
0.648925	186
0.646935	186
0.747436	171
0.530503	186
0.419448	186
0.485947	186
0.521419	186
0.619966	186
0.568292	186
0.565238	186
0.620837	186
0.398221	186
0.363908	186
0.640585	186
0.630867	186
0.501844	186
0.442878	186
0.529032	186
0.295877	186
0.386407	186
0.473532	186
0.569344	186
0.519058	186
0.553695	186
0.595147	186
0.32674	186
0.589477	186
0.574891	186
0.493155	186
0.339544	186
0.698547	186
0.620925	186
0.658583	186
0.656324	186
0.512868	186
0.748661	186
0.667042	186
0.603441	186
0.818788	71
0.546971	186
0.82692	71
0.490796	186
0.72099	186
0.838787	24
0.731178	186
0.788953	186
0.418672	186
0.556486	186
0.774173	186
0.583459	186
0.502709	186
0.391636	186
0.521577	186
0.730654	186
0.657411	186
0.566778	186
0.6567	186
0.517266	186
0.582724	186
0.809588	76
0.66706	186
0.678716	186
0.749001	186
0.690194	186
0.660747	186
0.67328	186
0.695184	186
0.574625	186
0.503563	186
0.610996	186
0.694022	186
0.525676	186
0.720122	-1
0.733846	186
0.700974	186
0.821799	40
0.717729	186
0.784894	186
0.623763	186
0.575624	186
0.591263	186
0.576062	186
0.592412	186
0.684399	186
0.597927	186
0.759095	186
0.348835	186
0.460694	186
0.562548	186
0.635997	186
0.869491	123
0.538847	186
0.643567	186
0.834101	186
0.740566	186
0.664286	186
0.599448	186
0.728523	186
0.481694	186
0.486334	186
0.682994	186
0.693483	186
0.692731	186
0.414126	186
0.547223	186
0.522058	186
0.484396	186
0.64389	186
0.670397	186
0.696782	186
0.616932	186
0.729835	186
0.78686	186
0.926481	186
0.60237	186
0.742409	186
0.448796	186
0.583689	186
0.967442	109
0.671477	186
0.77405	18
0.690177	186
0.530857	186
0.548572	186
0.712538	64
0.671685	186
0.661192	186
0.753133	186
0.755417	186
0.660399	186
0.725676	186
0.643865	186
0.679719	186
0.465165	186
0.752745	186
0.693034	186
0.754709	186
0.725806	186
0.710989	186
0.877101	108
0.823826	94
0.663556	186
0.672263	186
0.762642	186
0.820051	127
0.661321	186
0.773747	48
0.621956	186
0.694191	186
0.848182	127
0.806966	159
0.894827	147
0.805137	38
0.741037	186
0.809588	76
0.809588	76
0.724961	53
0.809133	26
0.853908	18
0.756184	186
0.692672	186
0.669988	186
0.59988	186
0.547387	186
0.690483	186
0.72913	186
0.870006	151
0.608358	186
0.477071	186
0.481128	186
0.633275	186
0.676303	186
0.532532	186
0.78577	125
0.730834	186
0.571781	36
0.546892	186
0.574562	186
0.766941	11
0.781707	186
0.621738	186
0.633863	186
0.878571	18
0.718998	186
0.432195	186
0.626344	186
0.849676	186
0.584816	185
0.434792	186
0.586101	186
0.612999	186
0.643897	186
0.521277	186
0.693062	186
0.697708	186
0.72613	186
0.711055	186
0.965855	186
0.677258	186
0.657784	186
0.468361	186
0.824303	186
0.860795	108
0.607135	186
0.642027	186
0.855505	18
0.86185	186
0.637725	186
0.658464	186
0.627322	186
0.809569	76
0.502489	186
0.787773	18
0.764488	186
0.703348	186
0.60043	186
0.580285	186
0.787768	186
0.65874	186
0.73581	186
0.682682	186
0.677913	186
0.672828	186
0.645391	186
0.572048	186
0.780963	154
0.564918	186
0.745762	186
0.704666	186
0.697909	186
0.633759	186
0.682858	186
0.826403	186
0.49677	186
0.493558	186
0.449722	186
0.568592	186
0.768239	88
0.856406	186
0.855427	171
0.834565	24
0.888262	53
0.6478	186
0.943322	76
0.598434	186
0.384978	186
0.539176	186
0.405191	186
0.637343	186
0.707666	186
0.632384	186
0.745894	186
0.557426	186
0.847315	64
0.636496	186
0.547428	186
0.54447	186
0.596113	186
0.727341	186
0.733468	186
0.733886	186
0.684563	186
0.567617	186
0.733375	186
0.759383	186
0.652728	186
0.658943	186
0.792067	186
0.765238	186
0.537314	-1
0.788143	186
0.734491	186
0.592121	186
0.5813	186
0.612325	186
0.618444	186
0.774375	18
0.552892	186
0.745862	186
0.922521	26
0.633191	186
0.483323	186
0.742883	179
0.555462	186
0.64381	186
0.597642	186
0.756457	113
0.63794	186
0.552482	186
0.632406	186
0.554663	186
0.383277	53
0.85716	7
0.726186	186
0.449379	186
0.359671	186
0.532926	186
0.41994	186
0.76308	186
0.513958	186
0.556046	186
0.750347	186
0.415014	186
0.463157	186
0.868067	8
0.738791	7
0.862644	44
0.641895	186
0.624737	186
0.682111	186
0.797577	26
0.708272	154
0.465604	186
0.344172	186
0.903884	40
0.451992	186
0.455858	186
0.406986	186
0.399001	186
0.393696	186
0.584521	186
0.439803	186
0.592388	186
0.82179	-1
0.557206	186
0.494348	186
0.816775	171
0.603885	186
0.637556	186
0.585437	186
0.551407	186
0.872317	64
0.55478	186
0.509946	186
0.535722	186
0.630795	186
0.554252	-1
0.594067	186
0.350055	186
0.383895	186
0.663113	186
0.801505	3
0.637716	186
0.494036	186
0.458794	186
0.777329	76
0.823614	145
0.74081	171
0.533243	186
0.296549	-1
0.521499	186
0.57986	186
0.630799	186
0.247815	186
0.442667	186
0.751385	116
0.745777	172
0.789683	18
0.559862	186
0.535622	186
0.493202	186
0.574985	186
0.857463	88
0.73206	186
0.673765	186
0.496274	186
0.774062	186
0.615172	186
0.66296	186
0.412306	186
0.405069	186
0.706508	18
0.560279	186
0.59374	186
0.531537	186
0.617461	186
0.640688	186
0.769733	10
0.548013	186
0.576998	186
0.556894	186
0.834554	24
0.745542	18
0.766085	24
0.53563	186
0.842607	13
0.374336	186
0.593087	186
0.812892	186
0.502914	186
0.920014	18
0.479287	186
0.498546	186
0.314306	186
0.607649	7
0.661085	186
0.626459	186
0.528646	186
0.491982	186
0.618611	186
0.551022	186
0.751732	186
0.734459	186
0.584543	186
0.643649	186
0.643514	186
0.66935	186
0.606116	186
0.592686	186
0.703008	186
0.718776	186
0.6397	186
0.607421	186
0.56473	171
0.630512	171
0.299209	-1
0.431252	186
0.846356	18
0.609521	186
0.82709	18
0.526018	186
0.624686	186
0.663504	186
0.546414	186
0.43976	186
0.82328	186
0.777769	186
0.666987	186
0.636706	186
0.595957	186
0.613024	186
0.549249	186
0.508998	186
0.410403	186
0.420727	186
0.50958	186
0.567147	186
0.625471	125
0.646472	186
0.587578	186
0.737662	186
0.64735	186
0.827453	186
0.654315	186
0.72973	186
0.502531	186
0.42859	186
0.795379	19
0.822861	171
0.693665	186
0.709799	186
0.581691	186
0.622436	186
0.651438	186
0.711115	186
0.637562	186
0.573664	186
0.487434	186
0.654137	186
0.54845	186
0.678702	186
0.769041	186
0.665587	186
0.882633	186
0.843744	-1
0.889787	-1
0.857108	186
0.706347	-1
0.694674	186
0.756335	186
0.728075	186
0.828916	186
0.806818	186
0.576774	186
0.818476	64
0.969045	70
0.3151	186
0.539603	186
0.562651	186
0.634183	186
0.517398	186
0.468665	186
0.552238	186
0.54734	186
0.52403	158
0.474701	186
0.466751	186
0.627809	186
0.643965	-1
0.509988	186
0.517408	186
0.821766	186
0.42821	186
0.642308	186
0.768888	23
0.624294	186
0.547956	186
0.547836	186
0.568827	186
0.57481	186
0.617905	186
0.559189	186
0.575351	186
0.551509	-1
0.717084	116
0.790628	186
0.735983	186
0.559844	186
0.488927	186
0.768847	44
0.728276	186
0.642057	186
0.573035	186
0.839623	18
0.639	186
0.516149	186
0.712817	186
0.402149	186
0.384469	186
0.379575	186
0.403148	186
0.456264	-1
0.596385	186
0.887245	-1
0.486418	186
0.557604	186
0.636379	186
0.919481	-1
0.403762	186
0.851226	53
0.461997	186
0.487333	186
0.728367	186
0.587102	186
0.422296	186
0.563328	186
0.773153	186
0.838447	19
0.757818	19
0.722587	186
0.588666	186
0.653658	-1
0.821265	186
0.766785	186
0.587643	186
0.496073	-1
0.744757	23
0.335092	186
0.678909	186
0.710718	186
0.782945	105
0.66263	186
0.538688	186
0.62469	186
0.931282	123
0.783102	18
0.873935	23
0.776895	186
0.746429	186
0.808044	107
0.636647	186
0.392	186
0.562042	186
0.661501	-1
0.706513	186
0.625877	186
0.855596	186
0.714378	60
0.283015	186
0.663379	186
0.753914	19
0.579209	186
0.628209	186
0.812436	-1
0.587108	186
0.652921	186
0.430536	186
0.592816	186
0.536371	186
0.71483	186
0.77549	149
0.394511	186
0.383532	186
0.550406	186
0.520482	186
0.599776	186
0.881101	18
0.549477	186
0.595849	186
0.803657	-1
0.819276	18
0.566856	186
0.763288	62
0.709458	186
0.803396	18
0.782925	186
0.846074	-1
0.836	87
0.701854	186
0.568481	186
0.5877	186
0.55624	186
0.78689	-1
0.628844	186
0.564345	186
0.700999	186
0.474608	186
0.602274	186
0.596742	186
0.478447	186
0.521645	186
0.552976	186
0.539193	186
0.715187	186
0.80253	23
0.764882	87
0.474246	186
0.373348	186
0.528857	186
0.537945	186
0.654238	186
0.555809	186
0.640279	186
0.591614	186
0.733333	186
0.49789	186
0.498557	186
0.567916	186
0.63065	186
0.450865	186
0.720967	186
0.709784	186
0.487515	186
0.561048	-1
0.87085	-1
0.592633	186
0.488219	186
0.784331	186
0.591428	44
0.723768	186
0.593104	186
0.506629	186
0.587978	186
0.633394	186
0.527475	186
0.618099	186
0.689153	186
0.655382	186
0.90278	18
0.908399	33
0.815145	186
0.608033	186
0.598273	186
0.812379	186
0.569911	186
0.647928	186
0.533267	186
0.571136	186
0.640989	186
0.815065	102
0.618759	186
0.535661	186
0.524337	186
0.423693	186
0.429634	186
0.727431	186
0.724025	186
0.551743	186
0.690715	186
0.643815	186
0.645015	186
0.824103	186
0.707487	186
0.765681	186
0.531621	186
0.5144	186
0.786757	186
0.557823	186
0.490793	186
0.614838	186
0.700613	186
0.832436	76
0.564305	186
0.733704	186
0.542979	186
0.520491	186
0.636159	186
0.725689	186
0.735995	186
0.317629	186
0.582554	186
0.68827	186
0.619323	186
0.531299	186
0.612705	186
0.607094	186
0.427658	186
0.483928	186
0.731052	186
0.837931	186
0.601599	186
0.506955	186
0.71841	186
0.624693	186
0.568868	186
0.563537	186
0.711099	186
0.68812	186
0.640251	186
0.556458	186
0.559474	186
0.543779	186
0.606777	-1
0.564253	186
0.861707	155
0.638121	186
0.393104	186
0.477583	186
0.48473	186
0.397384	186
0.564179	186
0.452103	186
0.692842	186
0.687927	186
0.668641	186
0.783011	186
0.586228	186
0.700063	186
0.539239	186
0.675403	186
0.656474	186
0.526781	186
0.522385	186
0.457922	186
0.612861	186
0.586718	186
0.574625	186
0.756339	186
0.685529	186
0.857834	186
0.380363	186
0.719204	186
0.72141	186
0.776219	186
0.905359	23
0.82295	186
0.833446	27
0.627149	186
0.514213	186
0.676265	186
0.729416	186
0.578749	186
0.686261	186
0.696178	186
0.535607	186
0.636064	186
0.54977	186
0.506664	186
0.442803	186
0.715361	186
0.618996	186
0.625474	186
0.636322	186
0.633625	186
0.599291	186
0.548241	186
0.602951	186
0.742034	186
0.519573	186
0.484978	186
0.582097	186
0.76343	186
0.358229	186
0.444755	186
0.520768	186
0.655186	186
0.552795	186
0.652631	186
0.591893	186
0.738852	186
0.60945	186
0.556787	186
0.545488	186
0.616308	186
0.410283	186
0.749236	186
0.579342	186
0.757005	186
0.589845	186
0.5689	186
0.600372	186
0.696702	186
0.700868	186
0.723059	155
0.678209	186
0.455718	186
0.648413	186
0.461553	186
0.640421	186
0.69395	186
0.664966	186
0.723149	186
0.63234	186
0.613518	186
0.878161	38
0.766672	186
0.637527	186
0.603138	186
0.587807	186
0.698622	80
0.654709	186
0.743289	174
0.458817	186
0.712518	186
0.656683	186
0.721724	186
0.58984	186
0.655267	186
0.482119	186
0.736977	186
0.378477	186
0.547931	186
0.543847	186
0.316538	186
0.602883	186
0.567876	186
0.600673	186
0.422404	186
0.362018	186
0.581018	186
0.422404	186
0.362018	186
0.629753	186
0.798757	186
0.577702	186
0.444692	186
0.400688	186
0.452577	186
0.214298	186
0.524752	186
0.399511	186
0.572961	186
0.752261	186
0.68524	186
0.428283	186
0.566168	186
0.662185	186
0.584367	186
0.672828	186
0.678373	186
0.637352	186
0.519301	186
0.68965	186
0.742655	186
0.81128	186
0.584719	186
0.821451	186
0.863813	87
0.720647	186
0.732785	186
0.347422	186
0.413722	186
0.646763	186
0.564718	186
0.718527	186
0.713567	186
0.560039	186
0.408725	186
0.583511	186
0.435773	186
0.785563	38
0.432993	186
0.621	186
0.677424	186
0.517035	186
0.688626	186
0.606675	186
0.676389	186
0.480644	186
0.589366	186
0.74189	186
0.593493	186
0.693208	186
0.7173	127
0.764979	186
0.827312	186
0.646763	186
0.388746	186
0.964706	186
0.7054	186
0.716232	27
0.833824	62
0.744308	186
0.806237	53
0.587766	186
0.622892	-1
0.873242	186
0.716249	186
0.854717	55
0.740029	186
0.279345	186
0.336905	186
0.513497	186
0.458112	186
0.593991	186
0.34168	186
0.458831	186
0.458649	186
0.712403	186
0.460574	186
0.715003	186
0.431337	186
0.72795	186
0.616442	186
0.560761	186
0.557683	186
0.457053	186
0.546756	186
0.675283	186
0.840411	16
0.657105	186
0.550796	186
0.388111	186
0.455971	186
0.535487	186
0.510747	186
0.540849	186
0.455375	186
0.451069	186
0.625503	186
0.740227	186
0.607525	186
0.736069	186
0.545134	186
0.65444	186
0.54727	186
0.614461	186
0.442784	186
0.630491	186
0.665808	186
0.659391	186
0.554296	186
0.436062	37
0.44708	186
0.470268	186
0.62747	186
0.671623	186
0.709841	186
0.580309	186
0.660319	186
0.553359	186
0.508867	186
0.524854	186
0.470882	186
0.544603	186
0.660508	186
0.561532	186
0.710706	186
0.515534	186
0.474842	186
0.489934	186
0.51827	186
0.401122	186
0.615822	186
0.460067	186
0.750795	186
0.54789	186
0.771649	186
0.47037	186
0.466168	186
0.568503	186
0.561235	186
0.447256	186
0.779442	38
0.648224	186
0.539383	186
0.838959	18
0.516683	186
0.514198	186
0.698402	186
0.614201	186
0.64944	186
0.687955	186
0.552153	186
0.602838	186
0.640031	186
0.5001	186
0.499954	186
0.635148	186
0.487293	186
0.591249	186
0.520491	186
0.707522	122
0.469559	186
0.769564	-1
0.837843	62
0.654004	186
0.763722	186
0.538541	186
0.498028	186
0.579666	186
0.493347	186
0.553877	186
0.802917	171
0.387483	186
0.613863	186
0.538409	186
0.668832	186
0.685259	186
0.506504	186
0.691997	186
0.656679	186
0.541061	186
0.634952	186
0.461934	186
0.477009	186
0.487571	186
0.46175	186
0.573411	186
0.682457	186
0.447892	186
0.653871	186
0.842897	186
0.839489	186
0.524524	186
0.603099	186
0.651284	186
0.575533	186
0.633725	186
0.674455	186
0.878224	141
0.673212	186
0.790181	186
0.748538	186
0.663662	186
0.60098	186
0.390768	186
0.526375	186
0.637738	186
0.652014	186
0.745848	186
0.833929	8
0.708208	1
0.700676	186
0.837037	-1
0.763242	186
0.630278	186
0.511236	186
0.768677	62
0.610014	186
0.748546	165
0.57954	186
0.865169	109
0.908975	-1
0.567455	186
0.515471	186
0.575745	186
0.647467	186
0.571922	186
0.657364	186
0.588941	186
0.616712	186
0.570835	186
0.589557	186
0.763452	70
0.68923	186
0.797122	186
0.768072	186
0.845727	26
0.651345	186
0.500148	186
0.69239	186
0.701731	186
0.719549	186
0.71843	186
0.560599	186
0.686951	12
0.585517	186
0.647964	186
0.64999	186
0.774919	186
0.646753	186
0.760465	186
0.664767	186
0.496489	186
0.55197	186
0.621805	186
0.657107	186
0.736232	184
0.451867	186
0.643004	186
0.594212	186
0.718441	127
0.605003	186
0.465512	186
0.81768	186
0.673642	186
0.744219	186
0.776564	186
0.627886	171
0.586419	186
0.567058	186
0.568097	186
0.598986	186
0.644368	186
0.422249	186
0.639179	186
0.749808	70
0.381233	186
0.466497	186
0.546706	186
0.649553	186
0.577386	186
0.586292	186
0.603469	186
0.671223	186
0.553278	186
0.521596	186
0.610668	186
0.668633	186
0.704565	186
0.584747	186
0.492948	186
0.522912	186
0.512725	-1
0.503957	186
0.58707	-1
0.622343	-1
0.630164	186
0.857776	186
0.705605	186
0.733629	186
0.53982	186
0.719369	186
0.652625	186
0.676777	186
0.436206	186
0.551019	186
0.523702	186
0.529376	186
0.645977	186
0.667524	186
0.641844	186
0.706938	186
0.561989	186
0.777717	26
0.823899	127
0.780903	186
0.720114	186
0.818209	53
0.617316	186
0.769002	186
0.457892	186
0.708639	186
0.576985	186
0.694696	186
0.717121	186
0.654685	186
0.657512	186
0.626425	186
0.585485	186
0.464058	186
0.714061	76
0.561406	186
0.280382	-1
0.566107	186
0.561817	186
0.527688	186
0.666658	186
0.863082	186
0.548655	186
0.531184	186
0.594589	186
0.424115	186
0.686557	186
0.737346	18
0.586209	186
0.587685	186
0.73695	186
0.597125	186
0.57289	186
0.657213	186
0.540119	186
0.562679	186
0.68694	186
0.689583	186
0.7	18
0.557723	186
0.674742	186
0.795371	186
0.78852	136
0.492669	186
0.541588	186
0.68654	186
0.648042	186
0.773099	18
0.589217	186
0.647318	186
0.668743	186
0.702767	186
0.486338	186
0.616779	186
0.5156	186
0.478582	186
0.686582	186
0.849707	109
0.587367	186
0.448339	186
0.570002	186
0.470807	186
0.526388	12
0.755816	186
0.600021	186
0.486391	186
0.638817	186
0.64927	186
0.465503	186
0.445717	186
0.616192	186
0.442599	186
0.577803	186
0.710537	186
0.4713	186
0.328744	186
0.615389	186
0.535097	186
0.606908	186
0.449904	149
0.50799	186
0.649017	186
0.639839	186
0.40825	186
0.624006	186
0.760146	186
0.504309	44
0.504969	186
0.828644	19
0.654734	186
0.537404	186
0.61584	186
0.564999	186
0.551467	186
0.63815	186
0.680515	186
0.789768	23
0.74721	158
0.553391	186
0.542789	186
0.68501	186
0.547719	186
0.588948	186
0.635446	186
0.51783	186
0.588086	186
0.559158	186
0.551759	186
0.593119	186
0.605672	186
0.617771	186
0.485534	186
0.679917	186
0.685842	186
0.702741	186
0.68786	186
0.556835	186
0.797668	18
0.632754	186
0.492474	186
0.66484	186
0.613332	186
0.602714	186
0.682305	186
0.582374	186
0.477112	186
0.575498	186
0.632696	186
0.884606	113
0.683103	186
0.554445	186
0.590042	186
0.609143	186
0.484805	-1
0.512725	-1
0.503957	186
0.58707	-1
0.622343	-1
0.552278	186
0.613084	186
0.530941	186
0.518553	186
0.821251	87
0.815846	172
0.590344	186
0.516159	186
0.600424	186
0.688891	186
0.556003	186
0.688972	127
0.715875	84
0.740346	186
0.556933	186
0.575144	186
0.62012	186
0.535035	186
0.555656	186
0.780961	44
0.654988	186
0.735036	186
0.61113	186
0.57657	186
0.404769	186
0.405072	186
0.36079	186
0.614412	186
0.586995	186
0.357664	186
0.658298	186
0.492434	186
0.523119	186
0.478821	186
0.669711	186
0.57573	186
0.602326	186
0.526684	186
0.614035	186
0.70124	186
0.403819	186
0.539144	186
0.545304	186
0.651165	186
0.619792	186
0.555845	186
0.605405	186
0.441968	186
0.396949	186
0.477378	186
0.580758	186
0.585127	186
0.692989	186
0.56627	186
0.628146	186
0.615665	186
0.521851	186
0.55163	186
0.610145	186
0.450164	186
0.516215	186
0.512977	186
0.709322	186
0.510426	186
0.621248	186
0.49067	186
0.346073	186
0.439288	186
0.507177	186
0.55049	186
0.537094	186
0.55359	186
0.789726	186
0.751489	186
0.685825	186
0.740428	186
0.750127	186
0.615445	186
0.663978	186
0.513551	186
0.67297	186
0.580924	186
0.656839	186
0.81008	38
0.533548	186
0.723765	122
0.71856	186
0.663523	186
0.518967	186
0.414286	186
0.42103	186
0.701674	186
0.890176	186
0.707466	186
0.508446	186
0.633103	186
0.606499	186
0.727194	186
0.631788	186
0.620143	186
0.661675	186
0.738439	12
0.593037	186
0.67737	186
0.499317	186
0.499034	186
0.654795	186
0.589187	186
0.590687	186
0.786855	76
0.627248	186
0.413613	186
0.456122	186
0.543138	186
0.765728	186
0.716233	186
0.549775	186
0.570783	186
0.670171	186
0.624545	186
0.618621	186
0.552578	186
0.871844	64
0.620291	186
0.56413	186
0.75053	186
0.658567	186
0.462003	186
0.513371	186
0.520941	186
0.595509	186
0.666591	186
0.579977	186
0.599099	186
0.574017	186
0.762014	186
0.585182	186
0.659507	186
0.495307	186
0.553273	186
0.654842	186
0.373742	186
0.504145	186
0.504145	186
0.706767	186
0.531989	186
0.43838	186
0.603603	186
0.483876	186
0.605652	186
0.596504	186
0.598503	186
0.731266	44
0.570679	186
0.595494	186
0.541686	186
0.783293	23
0.492948	186
0.522912	186
0.668633	186
0.704565	186
0.584747	186
0.603996	186
0.611751	186
0.290376	186
0.429664	186
0.489059	186
0.683039	186
0.547967	186
0.530906	186
0.505229	186
0.526077	186
0.476155	186
0.582783	186
0.70951	186
0.587094	186
0.538062	186
0.669046	186
0.711138	186
0.651921	186
0.628063	186
0.619718	186
0.838698	186
0.733969	186
0.819328	186
0.824543	76
0.663262	186
0.471882	186
0.474261	186
0.54526	186
0.398659	186
0.743038	-1
0.75264	186
0.58258	186
0.445647	186
0.456869	186
0.525906	186
0.515419	186
0.517954	186
0.658863	186
0.661275	186
0.613778	186
0.59946	186
0.533462	186
0.675568	186
0.665868	186
0.489274	186
0.630064	186
0.566769	186
0.539121	186
0.626503	70
0.663673	186
0.718816	186
0.407018	186
0.828689	30
0.53927	186
0.586375	186
0.488623	186
0.741525	186
0.740162	186
0.82982	186
0.539352	186
0.405417	186
0.557672	186
0.465086	186
0.630891	186
0.768542	186
0.508619	186
0.616015	186
0.762709	186
0.571471	186
0.766035	3
0.714385	186
0.716594	186
0.705346	186
0.77528	186
0.626273	186
0.499707	186
0.659518	186
0.685044	186
0.740956	186
0.603145	186
0.629431	186
0.64783	186
0.663912	186
0.635466	186
0.606559	186
0.289808	186
0.731973	186
0.541157	186
0.793092	44
0.47992	186
0.512195	186
0.569224	186
0.54102	186
0.51595	186
0.48973	186
0.446296	186
0.497543	186
0.388841	186
0.446333	186
0.468233	186
0.599404	186
0.625884	186
0.49111	186
0.595344	186
0.572948	186
0.555587	186
0.565629	186
0.487284	186
0.702755	186
0.638246	186
0.379447	186
0.417229	186
0.497502	186
0.417229	186
0.554875	186
0.664333	186
0.500343	186
0.516817	186
0.674014	186
0.609168	186
0.554787	186
0.544644	186
0.562507	186
0.655662	186
0.629388	186
0.723728	186
0.672061	186
0.794979	16
0.734603	186
0.792692	171
0.544738	186
0.66017	186
0.609732	186
0.577542	186
0.603915	186
0.646596	186
0.716692	186
0.769383	186
0.79187	186
0.670096	186
0.667521	186
0.592698	186
0.623385	186
0.764151	71
0.579305	186
0.557248	186
0.705715	186
0.583444	186
0.551081	186
0.540636	186
0.546981	186
0.625568	186
0.545737	186
0.378416	186
0.375752	186
0.481556	186
0.470091	186
0.340986	186
0.370956	186
0.467477	186
0.531425	186
0.654145	186
0.78167	186
0.516722	186
0.640987	186
0.595524	186
0.366296	186
0.72212	186
0.733493	186
0.728803	18
0.575887	186
0.764898	186
0.560085	186
0.749075	186
0.560085	186
0.633639	186
0.686465	186
0.68837	186
0.610509	186
0.80925	127
0.56601	186
0.612548	186
0.657238	186
0.582228	186
0.65492	186
0.562353	186
0.466134	186
0.417746	186
0.732478	186
0.790555	10
0.604641	186
0.838067	171
0.436307	186
0.72577	186
0.638245	186
0.589615	186
0.799141	159
0.721494	186
0.728546	38
0.715448	186
0.808711	186
0.758786	186
0.686835	186
0.666333	186
0.453378	186
0.779351	186
0.618019	186
0.491096	186
0.620236	186
0.384955	186
0.544075	186
0.592464	186
0.339229	186
0.799905	186
0.815067	186
0.40005	186
0.631663	186
0.357645	186
0.660751	186
0.538102	186
0.640729	186
0.758303	186
0.530049	186
0.548851	186
0.615585	186
0.656525	186
0.58458	186
0.678356	186
0.706073	186
0.72352	186
0.648773	27
0.764027	186
0.687461	186
0.661101	186
0.76935	186
0.649123	186
0.590764	186
0.730827	186
0.714907	127
0.594117	186
0.588349	186
0.610036	186
0.692166	186
0.610548	186
0.568206	186
0.575448	186
0.44268	186
0.504603	186
0.619472	186
0.587177	186
0.578402	186
0.53592	186
0.552228	186
0.506748	186
0.594717	186
0.667682	-1
0.638883	186
0.48791	186
0.478368	186
0.528503	186
0.459039	186
0.900581	186
0.598475	186
0.818886	117
0.671389	186
0.615396	186
0.705387	186
0.690634	-1
0.560077	186
0.641777	186
0.702078	186
0.475036	186
0.609091	186
0.570271	186
0.583779	186
0.486481	186
0.520237	186
0.340212	186
0.608807	186
0.64162	186
0.796095	-1
0.544273	186
0.585629	186
0.616204	186
0.481899	186
0.520119	186
0.554027	186
0.613084	186
0.530941	186
0.641	186
0.518553	186
0.895658	76
0.553066	186
0.51257	186
0.593301	186
0.548422	186
0.458279	186
0.620315	186
0.486566	186
0.555664	186
0.551112	186
0.498633	186
0.608051	186
0.479165	186
0.634342	186
0.56049	186
0.649659	186
0.659934	186
0.526499	186
0.528119	186
0.636414	186
0.584364	186
0.41289	186
0.605795	186
0.675373	186
0.547398	186
0.623095	186
0.578726	186
0.657759	186
0.660028	80
0.836399	127
0.656473	186
0.692601	186
0.555961	186
0.502018	186
0.767145	186
0.786762	186
0.744815	186
0.562949	186
0.583052	186
0.349245	186
0.456707	186
0.576389	186
0.576844	186
0.364019	186
0.46439	186
0.644488	186
0.518884	186
0.588902	186
0.656083	186
0.544624	186
0.429661	186
0.641101	186
0.670925	186
0.587079	186
0.597186	186
0.583863	186
0.796078	186
0.473396	186
0.423968	186
0.385901	186
0.844045	-1
0.38398	186
0.611137	186
0.673389	186
0.833734	186
0.405144	186
0.624241	186
0.831275	159
0.835858	186
0.762459	186
0.560172	186
0.572582	186
0.675237	186
0.594737	186
0.713237	186
0.562724	186
0.743052	186
0.578118	186
0.591138	55
0.655657	186
0.681461	186
0.636828	186
0.645779	186
0.63696	186
0.598583	186
0.635975	186
0.490871	186
0.619782	186
0.577352	186
0.809613	-1
0.660707	186
0.646443	186
0.654271	-1
0.866433	55
0.679163	186
0.599306	186
0.783659	186
0.717099	116
0.508018	186
0.818268	186
0.564953	186
0.8696	109
0.661249	186
0.701249	186
0.743498	186
0.826844	186
0.828894	18
0.812585	186
0.385774	186
0.416645	186
0.502804	186
0.706167	186
0.818711	186
0.466689	186
0.561603	186
0.908368	147
0.619725	186
0.630264	186
0.534188	186
0.883062	154
0.589429	186
0.675176	186
0.576752	186
0.740306	186
0.89273	186
0.477614	186
0.650825	186
0.874677	186
0.818771	186
0.518978	186
0.408967	186
0.582351	186
0.855722	169
0.633117	186
0.702025	186
0.662088	186
0.704394	186
0.591942	186
0.501458	186
0.354917	186
0.666211	186
0.659096	186
0.760111	186
0.532099	186
0.791825	186
0.655256	186
0.755885	186
0.901393	109
0.734774	108
0.693182	186
0.788907	-1
0.643573	186
0.465548	186
0.459993	186
0.595472	186
0.671576	186
0.651391	186
0.620808	186
0.540384	186
0.483843	186
0.593084	186
0.719204	186
0.658491	186
0.611277	186
0.751915	18
0.728436	165
0.67139	186
0.455415	186
0.445924	186
0.823778	154
0.645262	186
0.513904	-1
0.591075	186
0.573123	186
0.574563	186
0.664843	186
0.748634	186
0.65587	186
0.898621	56
0.733691	186
0.888268	186
0.799753	186
0.590554	186
0.464785	186
0.762691	186
0.734515	186
0.436324	186
0.607815	186
0.844893	186
0.670443	186
0.689713	186
0.652239	186
0.659305	186
0.818798	186
0.558455	186
0.566344	186
0.665801	186
0.368277	186
0.616944	186
0.369475	186
0.774289	186
0.653422	186
0.740047	76
0.55298	186
0.688291	186
0.674565	186
0.769093	144
0.472056	-1
0.950079	87
0.737939	186
0.774151	186
0.779858	186
0.431694	186
0.4126	122
0.62441	186
0.738176	186
0.818481	186
0.845274	186
0.650863	186
0.637496	186
0.559993	186
0.637219	186
0.797704	23
0.748276	186
0.955556	-1
0.52525	-1
0.589621	186
0.798198	186
0.834505	109
0.699532	186
0.72332	186
0.900378	-1
0.834579	186
0.775578	64
0.718272	186
0.724688	-1
0.870386	92
0.698037	-1
0.495567	186
0.416373	186
0.474588	186
0.834505	-1
0.975239	-1
0.595422	-1
0.696184	186
0.832085	186
0.819005	186
0.885344	116
0.44053	71
0.638857	186
0.762779	186
0.894286	186
0.963997	-1
0.772868	96
0.832713	186
0.705674	186
0.850853	23
0.868182	186
0.890403	116
0.816056	-1
0.821917	186
0.572826	-1
0.869696	-1
0.721729	171
0.635349	186
0.630005	186
0.826781	186
0.483797	186
0.619532	186
0.719059	186
0.560936	186
0.526363	186
0.769945	186
0.711559	186
0.47407	186
0.436191	186
0.528655	186
0.591719	186
0.488451	186
0.497693	186
0.689698	186
0.895914	186
0.710303	-1
0.596796	-1
0.513246	-1
0.726211	53
0.549051	186
0.645523	186
0.839656	87
0.676692	186
0.903265	-1
0.803534	32
0.681461	186
0.773673	154
0.645905	186
0.561942	186
0.651763	186
0.509258	186
0.619236	186
0.780166	-1
0.657573	186
1	34
0.652382	186
0.70431	186
0.618539	186
0.908912	98
0.755206	186
0.766646	64
0.43903	186
0.617689	186
0.728367	1
0.797678	53
0.789284	-1
0.853557	-1
0.830577	18
0.696417	-1
0.539051	186
0.761789	186
0.867522	186
0.686437	186
0.716923	186
0.649759	186
0.537752	186
0.561851	186
0.8188	-1
0.74431	-1
0.798401	-1
0.939471	87
0.726021	186
0.633387	186
0.648752	186
0.794836	-1
0.574481	186
0.716415	159
0.547593	186
0.47084	186
0.473604	186
0.586622	186
0.985341	92
0.45131	186
0.555767	186
0.631323	186
0.524434	186
0.717971	186
0.698198	186
0.633836	186
0.625331	186
0.5573	186
0.47574	186
0.88936	144
0.629931	186
0.56794	186
0.784182	23
0.857172	186
0.624459	186
0.585321	186
0.578593	186
0.597253	186
0.744547	186
0.810853	186
0.603054	186
0.624596	186
0.670731	186
0.545326	186
0.632404	186
0.511626	186
0.748384	186
0.920162	151
0.791192	186
0.512321	186
0.67937	186
0.718131	116
0.631107	186
0.706884	186
0.432413	186
0.435636	186
0.612692	186
0.63214	186
0.494745	186
0.47425	186
0.550097	186
0.607277	186
0.652818	186
0.61759	186
0.618448	186
0.615352	186
0.490652	186
0.62008	186
0.716386	186
0.508192	186
0.494929	186
0.600046	186
0.719086	186
0.675525	186
0.824256	186
0.842166	23
0.481231	186
0.595574	186
0.610639	186
0.693251	186
0.732681	186
0.84609	186
0.804541	38
0.630416	186
0.694444	186
0.47082	186
0.617221	186
0.48056	186
0.641784	186
0.648361	186
0.66576	186
0.47181	186
0.918325	-1
0.6711	186
0.4784	-1
0.939086	16
0.413911	186
0.357083	186
0.364828	186
0.665205	186
0.656591	186
0.662802	186
0.584143	186
0.677194	18
0.623017	186
0.506705	186
0.600714	186
0.46896	186
0.725639	186
0.758581	82
0.760766	186
0.727574	186
0.715905	1
0.700147	186
0.525359	186
0.478401	186
0.692386	186
0.734148	122
0.461008	186
0.635978	186
0.539558	186
0.46157	186
0.719766	186
0.588854	186
0.560365	186
0.650914	186
0.555168	186
0.80393	186
0.751619	186
0.685474	186
0.742022	186
0.452585	186
0.735382	186
0.560586	186
0.548956	186
0.572329	186
0.529733	186
0.420086	186
0.640077	186
0.890205	186
0.417034	186
0.703905	186
0.74408	186
0.540203	186
0.679401	186
0.513007	186
0.550853	186
0.63002	186
0.369627	186
0.702297	186
0.59918	186
0.371432	186
0.519813	186
0.829703	26
0.729688	186
0.739507	186
0.717041	186
0.601725	186
0.694581	186
0.599621	186
0.53087	186
0.63862	186
0.77021	27
0.595956	186
0.761771	186
0.470989	186
0.588412	186
0.655523	186
0.665311	186
0.484696	186
0.586457	186
0.639635	23
0.650054	186
0.634243	186
0.525506	186
0.583233	186
0.63859	186
0.638513	186
0.49742	186
0.54472	186
0.649773	186
0.592871	186
0.609193	186
0.655593	186
0.72617	-1
0.56565	186
0.679303	186
0.425434	186
0.707746	186
0.748433	186
0.722739	8
0.429971	186
0.703004	44
0.688003	186
0.605201	186
0.699135	186
0.833478	127
0.809201	136
0.616088	186
0.560545	186
0.492765	186
0.66585	186
0.382685	186
0.628319	186
0.604322	186
0.645891	186
0.578275	186
0.6295	186
0.642481	186
0.54245	1
0.477401	8
0.596624	186
0.557401	186
0.737839	186
0.537623	186
0.699	186
0.762053	186
0.489345	186
0.47952	186
0.686502	186
0.464701	186
0.631137	186
0.64528	186
0.669015	186
0.539582	186
0.645903	186
0.580544	186
0.799423	186
0.729163	18
0.607979	186
0.664727	186
0.700795	18
0.610789	186
0.554382	186
0.51719	186
0.528353	186
0.530503	186
0.419258	186
0.620435	186
0.640567	186
0.529118	186
0.386348	186
0.473406	186
0.569031	186
0.518954	186
0.553639	186
0.595143	186
0.698028	186
0.748427	186
0.603287	186
0.801535	56
0.818788	71
0.546186	186
0.826773	71
0.490595	186
0.720777	186
0.731141	186
0.788765	186
0.774173	186
0.502672	186
0.391472	186
0.521397	186
0.730601	186
0.566512	186
0.582183	186
0.749001	186
0.18365	186
0.690194	186
0.660449	186
0.673172	186
0.695079	186
0.656711	18
0.693641	186
0.720081	-1
0.733081	186
0.766836	123
0.821745	40
0.717683	186
0.784871	186
0.575206	186
0.575785	186
0.684358	186
0.759048	186
0.348835	186
0.633944	186
0.538856	186
0.6425	186
0.83406	186
0.740513	186
0.659674	186
0.486317	186
0.693483	186
0.692633	186
0.521149	186
0.670502	186
0.696782	186
0.926435	186
0.448796	186
0.58304	186
0.968182	109
0.77405	18
0.648907	186
0.638435	186
0.530804	186
0.671685	186
0.660605	186
0.753025	186
0.465112	186
0.752115	186
0.693034	186
0.710655	186
0.671705	186
0.762126	186
0.692921	186
0.847857	127
0.740428	186
0.58297	186
0.547623	186
0.72913	186
0.608358	186
0.48111	186
0.731291	136
0.674833	186
0.530984	186
0.730938	186
0.5468	186
0.534425	186
0.621766	186
0.718998	186
0.626204	186
0.849631	186
0.71079	186
0.677227	186
0.657784	186
0.606705	186
0.658419	186
0.627254	186
0.502542	186
0.764617	186
0.703364	186
0.60043	186
0.704622	186
0.496154	186
0.856339	186
0.647768	186
0.943322	76
0.384548	186
0.405133	186
0.637311	186
0.707608	186
0.632384	186
0.557426	186
0.847315	64
0.636461	186
0.684563	186
0.567617	186
0.652538	186
0.658892	186
0.791935	186
0.618444	186
0.552851	186
0.483291	186
0.742848	179
0.59732	186
0.755646	113
0.637862	186
0.548031	186
0.726186	186
0.532849	186
0.422396	186
0.513957	186
0.555474	186
0.585784	186
0.414869	186
0.463038	186
0.738746	7
0.641728	186
0.682111	186
0.903884	40
0.451994	186
0.506251	-1
0.393696	186
0.584226	186
0.439769	186
0.592275	186
0.821745	-1
0.492736	186
0.585614	186
0.551407	186
0.55478	186
0.535722	186
0.663113	186
0.533243	186
0.745777	172
0.789645	18
0.559817	186
0.534021	186
0.574942	186
0.496165	186
0.63243	186
0.712191	186
0.615016	186
0.404999	186
0.705879	18
0.560317	186
0.593524	186
0.531468	186
0.640811	186
0.768332	10
0.54775	186
0.57666	186
0.818825	26
0.556801	186
0.834497	24
0.745542	18
0.766085	24
0.593044	186
0.812892	186
0.502807	186
0.496622	186
0.314241	186
0.626459	186
0.492675	186
0.497514	186
0.734459	186
0.605892	186
0.646351	186
0.592686	186
0.718013	186
0.6397	186
0.607421	186
0.525986	186
0.624686	186
0.54638	186
0.439717	186
0.82328	186
0.458358	186
0.777694	186
0.595957	186
0.612656	186
0.549128	186
0.508965	186
0.410285	186
0.420676	186
0.509557	186
0.587374	186
0.737655	186
0.647332	186
0.827453	186
0.654284	186
0.72973	186
0.502531	186
0.421384	186
0.715627	-1
0.795341	19
0.82283	171
0.693645	186
0.709799	186
0.552179	186
0.637562	186
0.61299	186
0.634214	186
0.650809	1
0.66558	186
0.882569	186
0.843694	-1
0.889074	-1
0.856996	186
0.706333	-1
0.694614	186
0.756285	186
0.728015	186
0.828865	186
0.806818	186
0.315049	186
0.969027	70
0.315049	186
0.539603	186
0.562651	186
0.634183	186
0.516589	186
0.424626	186
0.546424	186
0.514149	108
0.61323	186
0.474593	186
0.466751	186
0.514645	186
0.509992	186
0.821745	186
0.642238	186
0.624487	186
0.616693	186
0.460386	186
0.558957	186
0.575317	186
0.551475	-1
0.543515	186
0.717084	116
0.488911	186
0.768847	44
0.604126	186
0.839603	18
0.63897	186
0.428459	186
0.402149	186
0.384409	186
0.379515	186
0.362546	186
0.491755	-1
0.44612	-1
0.470603	-1
0.455968	-1
0.749433	26
0.887245	-1
0.486387	186
0.557566	186
0.636224	186
0.919481	-1
0.403724	186
0.849785	53
0.461954	186
0.487333	186
0.58698	186
0.563346	186
0.468331	186
0.771661	186
0.757767	19
0.722537	186
0.58804	186
0.653594	-1
0.653594	-1
0.472872	-1
0.587536	186
0.496073	-1
0.609086	186
0.678888	186
0.622309	186
0.710667	186
0.782927	105
0.662586	186
0.552396	186
0.538682	186
0.624659	186
0.931266	123
0.776002	186
0.746412	186
0.807885	107
0.636647	186
0.561238	186
0.712772	107
0.706495	186
0.625777	186
0.855454	186
0.71436	60
0.676375	186
0.283015	186
0.753914	19
0.579069	186
0.439484	186
0.628209	186
0.564466	186
0.812436	-1
0.555514	186
0.652921	186
0.430536	186
0.592816	186
0.71483	186
0.775427	149
0.394491	186
0.383532	186
0.563886	-1
0.550388	186
0.520459	186
0.599762	186
0.548447	186
0.595815	186
0.566835	186
0.763268	62
0.424788	-1
0.553852	186
0.709458	186
0.782925	186
0.846074	-1
0.505843	186
0.766055	23
0.670205	18
0.836	87
0.587677	186
0.55539	186
0.786852	-1
0.628844	186
0.602274	186
0.494235	-1
0.539075	186
0.715166	186
0.474493	186
0.373348	186
0.537901	186
0.654205	186
0.555779	186
0.733333	186
0.497768	186
0.567793	186
0.630617	186
0.450851	186
0.720829	186
0.709746	186
0.487515	186
0.278875	186
0.870835	-1
0.592595	186
0.784208	186
0.719576	27
